family_female_male sentiment average: -0.0483382227891
family_female_male total number of words: 56
family_female_male_sentiments_csv
0.875
-0.25
-0.333333333333
-0.25
-0.125
-0.3375
-0.0833333333333
0.075
-0.125
0.21875
-0.333333333333
-0.375
0.333333333333
-0.125
0.25
-0.4375
-0.5
-0.625
0.3125
0.375
-0.1875
-0.3125
-0.375
0.125
0.21875
0.25
0.25
-0.375
0.21875
0.25
0.3
-0.625
-0.333333333333
-0.125
-0.625
-0.25
-0.0625
-0.0625
-0.541666666667
-0.25
-0.279857142857
0.28125
0.4375
0.3125
-0.0416666666667
-0.3375
0.4375
-0.1
0.15
0.125
-0.03125
-0.0625
0.25
0.1875
-0.3125
0.25
