female_female sentiment average: 0.0645080397803
female_female total number of words: 2719
female_female_sentiments_csv
0.125
0.375
0.075
0.425
-0.0625
0.75
0.75
-0.229166666667
-0.375
0.25
0.125
0.625
0.25
-0.0625
0.0416666666667
0.575
0.125
0.1875
0.166666666667
-0.125
-0.333333333333
0.625
-0.125
0.5
-0.125
0.375
0.15625
0.0178571428571
0.25
0.2
0.5
0.25
-0.125
0.125
0.21875
-0.125
0.875
0.5
0.625
-0.125
-0.075
0.15625
0.5625
0.025
0.5
0.0625
-0.6875
-0.40625
-0.208333333333
0.5
0.3
0.25
-0.0416666666667
-0.6875
0.625
0.25
-0.0416666666667
-0.0416666666667
-0.1875
-0.375
-0.21875
-0.375
0.375
-0.375
-0.125
-0.595588235294
0.25
0.625
-0.09375
-0.4375
-0.625
0.125
0.333333333333
0.166666666667
-0.375
0.03125
-0.1875
0.25
0.375
0.125
0.1875
0.0416666666667
-0.475
0.2
0.075
0.25
0.375
0.046875
0.375
0.625
-0.125
-0.0625
0.25
-0.0625
0.663043478261
0.1875
0.3
0.09375
-0.208333333333
-0.4375
0.25
-0.25
0.25
-0.375
-0.25
0.5
-0.3125
0.3125
-0.125
-0.25
-0.125
0.25
0.0892857142857
0.2
0.125
-0.125
-0.375
-0.625
0.2875
-0.375
0.25
0.333333333333
0.21875
0.563081081081
0.0416666666667
0.166666666667
0.125
0.375
0.104166666667
0.125
0.25
0.25
-0.125
-0.375
0.125
0.125
0.375
-0.1875
-0.595588235294
0.15
0.0192307692308
0.5
-0.25
0.5
-0.303571428571
0.15625
-0.25
-0.208333333333
0.104166666667
0.375
-0.1875
-0.375
0.046875
-0.357142857143
0.25
-0.303571428571
-0.625
0.15625
0.075
0.0535714285714
0.208333333333
0.104166666667
0.125
0.075
0.1
0.125
0.625
0.125
-0.15
-0.125
0.1875
0.25
0.375
0.125
0.575
-0.125
-0.75
-0.25
0.125
0.075
0.6875
0.6875
0.25
0.208333333333
0.625
0.125
-0.125
0.125
-0.125
-0.0416666666667
0.104166666667
-0.0441176470588
0.25
-0.25
0.5
-0.229166666667
0.34375
-0.229166666667
0.46875
0.25
-0.625
0.104166666667
0.25
-0.0416666666667
0.1875
0.3125
-0.125
-0.694666666667
-0.357142857143
-0.35
-0.4375
0.4375
0.563081081081
0.1875
0.3125
-0.625
-0.25
-0.25
0.575
-0.125
0.0625
0.125
0.4375
0.117666666667
0.125
0.175
0.5
-0.25
-0.25
0.0833333333333
0.475
0.625
-0.0803571428571
-0.1875
0.46875
0.375
0.15
0.0576923076923
0.25
0.333333333333
0.125
0.125
0.375
0.25
0.875
-0.25
-0.625
-0.375
-0.125
0.025
0.375
0.0681818181818
0.1875
-0.0416666666667
0.125
-0.05
-0.125
-0.1875
-0.125
0.2875
0.111111111111
-0.0833333333333
0.025
0.0416666666667
0.0714285714286
0.145833333333
0.5
0.166666666667
0.4
-0.3125
0.5625
0.125
-0.6875
0.375
0.2875
-0.75
-0.625
0.125
0.375
0.25
0.208333333333
0.125
0.2875
0.125
-0.1875
0.0833333333333
0.125
0.15625
0.375
-0.3125
0.25
0.375
-0.25
-0.475
0.791666666667
-0.125
0.125
0.25
0.2875
0.25
0.25
0.5
-0.203125
-0.0625
0.2875
-0.0416666666667
0.575
-0.125
0.25
0.291666666667
-0.125
0.25
0.25
-0.25
0.125
-0.125
0.663043478261
-0.375
0.152777777778
0.015625
0.2875
-0.0625
0.2875
0.1875
0.25
0.625
-0.075
0.390625
0.0625
0.25
0.152777777778
-0.144230769231
0.0833333333333
0.015625
0.2875
-0.125
0.15
0.125
0.2875
-0.125
0.166666666667
0.25
0.25
0.44275
0.25
0.2875
0.0714285714286
0.2875
-0.229166666667
-0.15625
0.15
0.125
-0.125
0.25
0.375
0.25
0.046875
0.291666666667
0.152777777778
-0.229166666667
-0.21875
0.2875
-0.0625
-0.1875
-0.125
0.375
0.25
0.145833333333
0.0416666666667
0.25
0.0416666666667
0.2875
-0.125
0.347222222222
0.875
0.663043478261
0.25
0.288461538462
-0.0625
0.109375
0.125
0.375
0.347222222222
0.25
0.125
0.104166666667
0.25
0.25
0.109375
0.663043478261
-0.0416666666667
0.25
0.15
-0.480769230769
0.125
0.375
0.390625
-0.1875
-0.625
-0.1875
0.375
-0.0416666666667
-0.0833333333333
-0.09375
-0.0416666666667
0.0714285714286
0.015625
-0.125
0.375
0.0625
0.291666666667
-0.125
0.2875
-0.125
0.375
0.575
0.125
-0.1875
0.1875
0.4375
0.5625
-0.125
-0.321428571429
-0.125
0.0714285714286
0.125
0.125
0.25
0.125
-0.0625
0.0625
0.3125
0.3125
0.25
0.208333333333
0.125
0.075
0.46875
-0.75
-0.0833333333333
0.25
-0.595588235294
0.0833333333333
0.125
-0.25
0.25
0.025
-0.125
0.390625
-0.125
0.25
0.875
0.1875
-0.3125
0.2875
-0.3125
0.03125
-0.125
-0.3125
0.2875
0.21875
0.0833333333333
-0.15625
0.0625
0.25
0.15
0.5
0.21875
0.105769230769
-0.125
0.25
0.333333333333
0.1875
-0.0416666666667
-0.0833333333333
0.208333333333
0.25
0.601340909091
-0.0416666666667
0.25
-0.125
0.075
-0.125
0.375
-0.125
0.25
0.625
-0.3125
0.015625
0.2875
0.5
0.25
0.125
0.125
-0.1875
0.44275
0.025
-0.125
0.125
0.2875
0.15
0.145833333333
-0.125
0.03125
0.663043478261
0.375
0.663043478261
-0.0833333333333
0.25
0.44275
-0.21875
0.390625
0.25
0.375
-0.4375
-0.425
0.25
-0.475
-0.0833333333333
0.025
0.875
0.25
-0.0681818181818
0.791666666667
-0.05
-0.125
0.25
0.2
0.1875
-0.541666666667
0.625
-0.25
0.563081081081
-0.375
-0.125
-0.625
-0.625
-0.375
-0.125
0.125
0.3
0.3125
-0.375
0.3125
-0.125
0.104166666667
-0.25
0.1875
0.104166666667
0.125
0.25
0.375
0.15625
0.0625
0.1875
0.375
0.09375
0.28125
0.175
0.375
0.125
-0.375
-0.375
0.125
0.25
-0.125
0.2
0.5
-0.05
-0.125
0.291666666667
-0.375
0.21875
0.1
-0.125
0.625
-0.208333333333
-0.125
0.625
0.625
0.0625
0.125
-0.0625
0.25
0.875
0.375
0.0416666666667
-0.0625
0.25
0.275
0.125
0.125
0.3
0.25
-0.125
0.375
0.125
0.5
0.416666666667
0.4375
0.113636363636
0.3
-0.125
0.375
0.125
0.25
0.625
0.5
0.395833333333
0.375
0.25
-0.3
-0.09375
-0.375
0.1875
0.265625
0.291666666667
0.25
0.375
0.21875
-0.4375
0.125
-0.5
0.25
0.1875
0.25
0.25
-0.375
-0.0625
-0.4375
0.375
-0.25
0.291666666667
0.270833333333
-0.34375
0.25
0.625
0.117666666667
0.0625
0.0833333333333
-0.0625
0.25
0.125
-0.0625
0.1875
0.4375
0.125
0.4375
0.1875
0.09375
0.125
0.125
0.125
0.125
0.375
0.5
-0.6875
-0.125
-0.375
0.25
0.104166666667
0.0833333333333
0.125
-0.125
-0.125
0.25
-0.25
0.0416666666667
-0.375
-0.25
0.3125
0.025
-0.625
0.3125
0.25
0.28125
0.15
0.0625
0.375
-0.75
-0.25
0.458333333333
-0.125
-0.375
0.1875
-0.25
0.5625
0.395833333333
0.15625
-0.0833333333333
0.25
0.125
0.125
-0.1875
-0.375
0.1875
0.375
-0.0625
-0.0833333333333
-0.0416666666667
0.15
-0.25
0.125
0.333333333333
0.25
0.25
0.625
-0.0625
-0.160714285714
0.375
0.0714285714286
-0.3125
0.5
0.0892857142857
0.125
-0.5
0.0833333333333
0.0625
-0.25
0.0833333333333
-0.125
0.6875
0.125
0.15625
0.375
-0.125
0.0833333333333
-0.03125
-0.375
0.125
0.125
-0.0441176470588
0.333333333333
0.458333333333
-0.25
0.375
0.0192307692308
0.625
0.5625
0.46875
0.125
0.25
-0.25
-0.625
0.125
0.625
0.3125
0.125
0.1875
0.46875
-0.0416666666667
-0.1875
0.25
-0.375
0.104166666667
-0.15625
0.0833333333333
0.125
-0.232142857143
0.2
0.104166666667
0.15625
-0.4375
0.333333333333
0.0625
0.25
0.25
0.2875
-0.25
0.0416666666667
-0.265625
0.0625
-0.1875
-0.125
0.1
0.625
0.3125
0.025
-0.284090909091
-0.075
-0.125
0.575
-0.229166666667
0.25
-0.375
0.3
0.1
0.1
-0.25
0.5
0.333333333333
-0.125
-0.208333333333
-0.25
0.3125
-0.1875
0.125
0.375
-0.09375
-0.4375
0.0875
-0.125
0.125
0.1
-0.125
-0.0535714285714
-0.541666666667
-0.208333333333
0.0833333333333
-0.395833333333
0.28125
-0.203125
0.15
0.0625
0.104166666667
0.0714285714286
0.025
0.375
-0.125
0.5
0.125
0.1
-0.125
0.1
0.25
-0.232142857143
0.21875
-0.40625
-0.232142857143
0.25
0.25
0.1
-0.125
0.125
-0.125
-0.125
0.3
0.46875
0.71875
0.0625
-0.708333333333
0.5625
0.125
-0.475
0.4375
-0.125
0.15
0.4375
-0.125
0.15
0.125
0.125
0.25
0.25
-0.1875
-0.125
0.1875
0.3
0.291666666667
-0.1
0.25
0.265625
0.125
0.125
0.0625
0.0833333333333
0.25
-0.284090909091
0.125
-0.3
0.25
0.428571428571
0.25
0.25
0.25
0.125
0.625
0.125
0.0535714285714
0.25
-0.75
-0.625
-0.15625
0.563081081081
-0.229166666667
0.375
0.2875
0.375
0.2875
-0.0714285714286
-0.0714285714286
0.5625
0.0625
0.563081081081
-0.0714285714286
0.25
0.25
0.125
0.2875
-0.28125
0.75
-0.1875
0.1
0.375
0.375
0.347222222222
0.178571428571
0.0833333333333
-0.232142857143
0.25
-0.5
0.1
0.375
0.375
0.347222222222
0.178571428571
0.0833333333333
-0.232142857143
0.25
-0.5
0.104166666667
0.583333333333
-0.208333333333
-0.375
-0.5
-0.208333333333
0.2875
-0.375
0.25
0.1875
0.21875
0.214285714286
-0.0625
0.46875
0.125
0.875
0.4
-0.333333333333
0.0892857142857
0.5
-0.375
-0.5
0.25
0.125
0.875
0.4
-0.333333333333
0.0892857142857
0.5
-0.375
-0.5
0.25
0.3125
-0.0833333333333
-0.4375
-0.475
-0.625
-0.15625
-0.075
-0.208333333333
0.05
0.0892857142857
0.2875
0.0625
0.166666666667
-0.125
0.125
0.3125
-0.125
-0.125
-0.125
-0.4375
0.0416666666667
0.0625
-0.125
0.5
0.0681818181818
-0.125
-0.321428571429
-0.1
0.25
-0.5
0.25
-0.125
-0.125
-0.375
-0.375
0.03125
-0.056
-0.0535714285714
-0.125
-0.25
-0.625
-0.75
0.145833333333
-0.125
-0.6875
0.625
-0.446428571429
-0.625
-0.125
0.375
-0.125
0.125
0.5
0.125
0.325
-0.145833333333
0.333333333333
0.0681818181818
0.3125
0.15
0.25
0.1875
-0.375
-0.1875
0.125
-0.25
0.5
-0.303571428571
-0.125
0.375
0.458333333333
-0.375
-0.25
-0.125
0.075
-0.0625
0.0833333333333
0.0833333333333
-0.5
0.25
-0.125
0.125
-0.3125
0.104166666667
-0.25
-0.25
-0.25
0.125
0.25
-0.0625
0.25
0.0625
0.15
0.5625
0.21875
0.125
0.333333333333
0.25
0.291666666667
0.375
0.078125
-0.25
-0.1875
0.0416666666667
0.2
0.333333333333
0.375
0.25
0.125
-0.259615384615
0.25
0.125
-0.0625
-0.1875
0.25
0.113636363636
0.25
0.125
-0.125
0.21875
0.375
-0.125
0.1875
-0.625
0.0833333333333
-0.25
-0.625
0.5
-0.1875
-0.25
0.0625
0.15
0.1875
-0.03125
0.125
-0.325
0.625
-0.6875
-0.625
0.25
0.0535714285714
-0.125
0.125
-0.125
-0.357142857143
-0.0416666666667
0.375
-0.166666666667
0.375
0.5
-0.208333333333
-0.416666666667
0.5625
-0.75
0.375
0.0833333333333
0.0625
-0.125
0.125
0.09375
0.5
0.663043478261
0.166666666667
-0.125
-0.25
-0.125
0.5
-0.5
0.375
-0.0972222222222
-0.284090909091
-0.0625
0.025
0.375
0.25
0.3125
-0.5
0.125
0.625
0.125
0.25
-0.0625
0.375
-0.25
0.2
0.25
0.125
0.125
-0.0625
0.125
0.125
-0.125
-0.25
-0.375
-0.25
-0.25
0.34375
0.416666666667
-0.125
0.145833333333
-0.0416666666667
0.1875
-0.125
-0.0625
-0.125
-0.0714285714286
-0.05
0.125
-0.125
0.0416666666667
0.125
0.09375
0.21875
0.25
0.125
-0.0625
0.125
0.125
0.125
-0.25
0.5
-0.416666666667
0.09375
0.375
0.125
0.125
0.125
0.125
0.125
-0.4375
-0.03125
0.03125
-0.28125
0.125
0.178571428571
0.375
-0.0416666666667
0.046875
-0.03125
0.125
-0.125
0.34375
-0.125
0.375
-0.0416666666667
0.25
0.125
0.333333333333
-0.5
0.21875
0.125
0.5625
0.25
0.125
-0.0714285714286
0.25
-0.05
0.375
-0.25
-0.125
0.125
0.125
-0.125
-0.0416666666667
-0.375
0.375
-0.125
0.265625
0.125
-0.1875
0.1875
-0.125
0.21875
-0.5625
0.1875
-0.125
-0.125
0.1875
-0.0833333333333
0.25
0.125
0.15625
-0.625
0.057
0.125
0.25
0.46875
0.375
-0.0357142857143
-0.357142857143
0.152777777778
-0.125
0.2
0.375
-0.0416666666667
-0.0625
0.46875
-0.291666666667
-0.125
0.601340909091
0.0833333333333
0.25
0.125
-0.0625
-0.125
-0.03125
0.25
0.015625
0.347222222222
-0.0625
-0.125
-0.125
-0.5
0.25
0.25
0.2875
0.25
0.125
-0.595588235294
0.291666666667
0.625
-0.125
0.333333333333
-0.1875
0.0416666666667
-0.625
0.5625
0.333333333333
0.375
0.125
0.125
0.583333333333
0.125
0.125
-0.125
0.0833333333333
0.145833333333
0.125
-0.25
-0.25
-0.125
0.145833333333
0.390625
0.625
0.265625
0.166666666667
0.375
-0.125
-0.75
-0.166666666667
-0.375
0.291666666667
-0.144230769231
-0.0625
0.104166666667
0.25
0.125
0.125
0.3125
0.25
0.09375
0.208333333333
0.125
0.25
0.28125
0.375
-0.25
-0.1875
0.208333333333
-0.392857142857
0.1875
0.09375
-0.75
0.0833333333333
0.5625
-0.0833333333333
0.15625
0.125
0.104166666667
0.375
0.125
0.1875
0.25
-0.21875
0.15
0.0625
0.125
0.0625
-0.125
0.104166666667
0.25
-0.5
0.25
-0.125
0.125
-0.125
0.046875
0.25
-0.1875
0.1
0.625
0.125
-0.125
-0.21875
0.125
-0.477272727273
0.125
-0.025
-0.34375
-0.0625
0.25
-0.25
0.5625
-0.125
-0.625
-0.25
0.25
0.0833333333333
0.625
-0.145833333333
-0.321428571429
0.104166666667
-0.0833333333333
0.0892857142857
0.347222222222
-0.229166666667
0.1
0.125
0.25
0.5625
-0.291666666667
-0.25
0.125
-0.475
-0.5
-0.125
0.125
-0.15625
-0.125
0.125
0.15625
0.25
-0.09375
0.291666666667
-0.125
0.21875
0.0625
0.208333333333
-0.284090909091
0.0625
0.125
0.0625
0.0833333333333
-0.125
0.375
0.105769230769
0.291666666667
0.125
0.125
0.1875
-0.334
-0.25
0.125
0.166666666667
0.25
-0.125
0.0625
0.0833333333333
-0.1875
-0.472222222222
-0.0416666666667
-0.475
0.44275
-0.25
0.0625
0.21875
0.125
-0.125
0.125
0.15
0.1875
-0.229166666667
-0.125
0.425
-0.1875
0.25
0.125
-0.125
0.375
-0.125
0.125
-0.125
0.25
0.25
0.125
0.357142857143
-0.125
0.25
0.46875
-0.0416666666667
0.46875
-0.5625
-0.4375
-0.625
-0.1875
-0.5
0.25
-0.125
0.125
0.6875
0.0416666666667
0.104166666667
0.0416666666667
-0.28125
-0.333333333333
-0.0357142857143
0.0625
-0.0833333333333
-0.375
0.25
0.390625
0.208333333333
0.0576923076923
-0.125
-0.0625
-0.34375
0.104166666667
-0.25
-0.0416666666667
-0.25
0.125
0.5
0.375
0.458333333333
0.375
0.25
0.0714285714286
-0.1875
-0.325
0.0625
0.125
0.25
0.21875
-0.0625
-0.0441176470588
-0.125
-0.175
0.1875
0.25
0.25
0.25
0.25
0.333333333333
0.3125
0.1875
0.3125
-0.125
-0.208333333333
0.0625
-0.5
-0.09375
0.104166666667
0.125
0.125
0.208333333333
0.375
0.1875
-0.279857142857
0.1875
0.25
0.125
0.333333333333
-0.28125
0.25
-0.125
0.125
-0.125
0.125
-0.125
0.4375
0.1875
-0.3125
-0.25
0.5
-0.208333333333
-0.09375
0.625
0.5
0.25
0.375
0.125
0.104166666667
0.625
-0.125
-0.0178571428571
0.125
-0.25
0.21875
-0.25
-0.0416666666667
0.5625
-0.40625
0.125
-0.25
0.5
-0.1875
0.25
0.125
-0.583333333333
-0.375
-0.229166666667
0.152777777778
0.125
-0.375
-0.4375
0.125
0.375
-0.125
-0.125
-0.125
0.125
-0.125
0.125
0.125
-0.397058823529
0.25
0.25
-0.1875
-0.229166666667
-0.125
0.1875
0.125
0.0625
-0.0625
-0.125
-0.28125
0.104166666667
-0.375
0.125
-0.125
-0.333333333333
-0.0625
0.125
0.375
0.125
-0.0625
-0.03125
-0.6875
-0.21875
-0.25
-0.5
0.125
-0.416666666667
0.0625
-0.34375
-0.232142857143
0.125
0.25
-0.125
-0.125
0.125
0.0892857142857
0.5
-0.265625
0.0681818181818
0.125
0.125
0.145833333333
-0.125
0.25
0.214285714286
0.125
0.425
-0.0416666666667
0.5625
0.375
-0.375
-0.25
0.111111111111
-0.0625
0.375
0.046875
0.375
-0.0833333333333
0.0833333333333
0.875
-0.625
-0.625
-0.575
0.125
-0.125
-0.625
-0.125
0.125
-0.2875
0.1875
0.25
0.0833333333333
0.075
0.125
0.1875
-0.0625
0.0625
-0.125
0.125
0.125
-0.125
-0.0625
-0.125
0.125
0.104166666667
0.275
0.09375
-0.1875
0.125
-0.303571428571
0.25
-0.5625
0.25
-0.458333333333
-0.291666666667
0.0833333333333
0.125
0.25
-0.25
-0.0441176470588
0.234375
-0.25
0.125
0.1
-0.104166666667
-0.375
-0.0555555555556
0.4375
-0.125
0.0714285714286
-0.0625
-0.125
0.15
-0.0178571428571
0.1875
0.1875
0.3125
0.125
0.0833333333333
-0.125
-0.125
0.0416666666667
-0.125
0.583333333333
-0.125
-0.25
0.25
0.1875
0.3125
0.5
0.1875
0.601340909091
-0.125
-0.125
0.1875
0.25
-0.25
0.375
-0.875
-0.375
0.15
-0.5625
-0.125
0.25
-0.397058823529
0.166666666667
-0.125
0.125
-0.125
0.25
-0.375
0.25
0.2
0.3125
-0.125
-0.4375
-0.125
0.0416666666667
-0.03125
0.0833333333333
0.291666666667
0.109375
0.265625
0.25
0.375
-0.0555555555556
0.0625
0.125
0.125
-0.375
0.25
-0.5
-0.25
0.125
-0.375
-0.125
0.333333333333
0.625
0.375
0.625
-0.357142857143
0.0625
0.125
0.25
-0.5625
-0.125
-0.0625
0.25
0.125
0.375
0.347222222222
-0.25
-0.125
-0.0625
0.375
0.25
0.425
0.0892857142857
-0.125
0.03125
-0.125
0.375
0.125
0.125
-0.25
0.25
0.25
0.25
-0.25
0.28125
0.125
0.25
0.075
-0.3125
0.125
-0.25
-0.0833333333333
-0.125
0.163043478261
0.15
0.25
-0.166666666667
0.104166666667
0.125
-0.375
0.25
-0.208333333333
0.0892857142857
0.142857142857
0.375
0.25
0.125
0.375
0.333333333333
0.125
0.125
0.25
0.125
0.3125
0.125
0.75
0.125
0.025
-0.45
-0.75
-0.125
0.46875
0.375
-0.34375
-0.125
0.3
0.104166666667
0.347222222222
-0.1875
0.375
0.40625
-0.125
-0.125
-0.09375
-0.0961538461538
0.583333333333
-0.1875
0.125
0.03125
0.075
-0.541666666667
-0.125
0.025
-0.25
0.375
-0.6875
0.25
-0.125
0.625
0.0625
-0.125
0.145833333333
-0.625
0.575
0.145833333333
0.2875
0.1875
-0.5
-0.125
0.5
0.125
0.15625
0.625
0.347222222222
0.375
0.375
-0.125
-0.303571428571
0.2
-0.25
0.111111111111
0.28125
0.583333333333
0.291666666667
0.25
0.166666666667
-0.15625
0.25
-0.1875
-0.375
0.057
0.563081081081
-0.375
-0.291666666667
-0.375
0.025
0.663043478261
-0.25
0.046875
0.0833333333333
0.0625
-0.125
0.25
-0.1875
-0.15625
-0.28125
0.275
0.0625
-0.625
0.458333333333
0.0416666666667
-0.125
0.1875
-0.0625
0.2875
0.0625
-0.0625
-0.5
0.166666666667
0.104166666667
0.1875
-0.3125
0.0416666666667
0.625
0.5
-0.125
-0.0416666666667
0.458333333333
-0.0833333333333
0.625
0.125
-0.125
0.5625
0.1875
-0.0833333333333
0.5
-0.09375
0.46875
0.125
-0.375
-0.357142857143
-0.125
-0.0833333333333
0.208333333333
-0.375
0.125
-0.1875
0.663043478261
-0.375
0.375
-0.0833333333333
-0.125
0.203125
-0.375
0.1875
0.03125
-0.541666666667
-0.134615384615
-0.1875
0.21875
-0.25
0.25
0.2875
0.2
0.291666666667
-0.321428571429
-0.1875
0.125
-0.03125
0.347222222222
-0.1875
0.15625
0.046875
0.0576923076923
-0.125
0.208333333333
0.25
-0.125
0.125
-0.125
0.104166666667
0.104166666667
0.166666666667
0.0625
0.025
0.375
0.663043478261
-0.375
0.0833333333333
0.291666666667
0.21875
0.145833333333
-0.125
0.333333333333
0.15
0.166666666667
-0.125
0.4375
-0.5
0.28125
0.0625
0.125
0.28125
0.663043478261
0.25
0.25
0.625
0.291666666667
0.104166666667
0.078125
0.25
0.3125
-0.125
0.0625
0.166666666667
0.25
-0.125
0.125
0.25
0.2
0.125
-0.6875
-0.375
0.0833333333333
0.25
-0.208333333333
-0.125
0.145833333333
-0.357142857143
0.0833333333333
0.0625
0.625
-0.147727272727
0.347222222222
0.265625
-0.0625
0.5
0.0625
0.105769230769
0.125
-0.125
0.563081081081
0.575
0.166666666667
-0.625
0.3125
-0.125
0.145833333333
0.125
0.5
0.375
0.28125
0.1875
0.3
0.44275
-0.25
-0.09375
0.25
0.3
0.208333333333
-0.125
-0.321428571429
-0.125
0.875
0.075
0.0625
0.347222222222
0.375
0.125
0.125
0.375
-0.375
0.025
-0.0416666666667
0.375
-0.625
0.4375
0.416666666667
-0.6875
0.4375
-0.333333333333
0.375
0.125
0.6875
0.0833333333333
0.25
-0.1875
0.15
0.325
-0.3125
-0.416666666667
0.125
-0.21875
0.375
0.125
-0.125
0.125
-0.1
-0.0416666666667
0.208333333333
0.125
0.375
-0.5
0.125
-0.1875
0.0833333333333
0.375
0.347222222222
0.25
0.28125
0.151785714286
0.15625
0.25
-0.5
0.25
0.25
0.25
-0.15625
0.046875
0.25
0.0833333333333
-0.375
-0.5
0.3125
-0.0625
0.333333333333
-0.75
0.125
0.2875
-0.125
0.0625
0.375
0.5
0.3125
-0.125
0.166666666667
0.15
-0.125
-0.125
0.125
0.09375
0.375
0.125
0.5
0.25
0.3125
0.28125
-0.6875
0.0625
0.0892857142857
-0.1875
0.0416666666667
-0.5
0.1875
0.0833333333333
0.125
0.0833333333333
-0.0416666666667
-0.5
-0.625
-0.0833333333333
-0.5
0.125
0.1
0.25
0.0625
0.078125
-0.229166666667
0.113636363636
-0.0625
-0.595588235294
-0.3
-0.0416666666667
-0.40625
-0.1875
-0.125
-0.125
-0.25
0.2875
0.075
0.625
-0.25
0.375
0.291666666667
-0.075
-0.34375
0.1
-0.5
-0.375
0.375
-0.125
0.125
-0.125
0.1875
0.125
-0.25
0.663043478261
0.1875
0.0625
0.25
-0.125
0.0714285714286
0.1
-0.318181818182
-0.541666666667
-0.125
-0.125
0.2875
0.25
0.125
0.375
0.0416666666667
0.563081081081
0.46875
0.875
0.25
0.1875
0.125
0.75
0.4375
-0.0714285714286
-0.125
0.125
0.319444444444
-0.25
0.375
0.3125
0.375
0.416666666667
0.25
0.375
0.5
-0.0625
0.25
-0.152777777778
0.0833333333333
0.5
-0.375
0.5
-0.125
-0.25
0.125
0.3
0.1
0.25
0.125
0.104166666667
0.125
0.0416666666667
-0.25
0.75
-0.125
-0.6875
-0.1875
0.5625
-0.25
0.25
-0.25
-0.5
0.0833333333333
0.138888888889
0.125
-0.25
0.104166666667
-0.477272727273
-0.25
-0.229166666667
-0.0416666666667
0.203125
0.3125
-0.25
-0.0625
0.375
0.239583333333
-0.125
0.125
-0.125
-0.3125
0.125
0.1875
-0.25
-0.375
0.625
-0.125
0.357142857143
0.25
0.03125
-0.229166666667
0.46875
0.125
-0.125
0.0416666666667
0.15
0.291666666667
-0.125
0.583333333333
0.575
0.09375
0.0714285714286
-0.125
-0.25
0.166666666667
0.25
0.34375
-0.375
-0.303571428571
0.333333333333
0.333333333333
-0.229166666667
-0.25
-0.275
0.166666666667
0.5
0.125
-0.0625
-0.125
0.25
0.25
0.5
0.125
0.1
0.0625
0.1875
0.21875
-0.25
0.0833333333333
0.125
0.0625
-0.125
0.25
-0.125
-0.0625
-0.125
-0.125
0.125
0.25
0.15625
0.1875
-0.625
-0.125
-0.0416666666667
-0.625
0.21875
-0.5
0.15
0.125
0.104166666667
0.3125
0.104166666667
0.125
-0.09375
-0.125
0.125
0.21875
0.125
-0.375
0.125
-0.125
-0.1875
-0.75
0.208333333333
-0.0416666666667
-0.125
-0.0178571428571
0.1875
0.71875
0.125
-0.0625
-0.229166666667
0.375
-0.0416666666667
-0.375
0.3
0.3125
0.3125
0.125
0.125
0.125
0.125
-0.375
-0.125
0.125
-0.25
0.125
-0.375
-0.0625
0.125
0.25
-0.125
0.125
0.166666666667
-0.125
0.416666666667
0.25
0.4375
-0.25
-0.479166666667
-0.479166666667
0.2875
0.057
-0.0416666666667
0.0625
0.5625
0.046875
0.375
0.046875
-0.25
0.4375
0.0892857142857
0.0833333333333
-0.1875
0.166666666667
0.625
-0.125
0.25
0.347222222222
0.25
0.104166666667
0.15
-0.229166666667
0.25
-0.15625
0.5625
0.09375
0.1875
0.563081081081
0.0625
0.163043478261
-0.15625
-0.25
-0.1875
0.575
-0.15625
-0.25
-0.475
-0.375
0.25
-0.392857142857
0.15
0.25
-0.0833333333333
-0.232142857143
0.057
0.151785714286
0.166666666667
0.125
-0.1875
-0.125
0.71875
0.291666666667
0.2
0.25
0.2875
0.75
0.625
-0.125
-0.125
0.09375
0.25
0.25
-0.5
-0.0625
-0.125
0.1875
-0.480769230769
-0.5
-0.28125
0.25
0.152777777778
0.1875
-0.4375
-0.6875
0.625
-0.1875
0.125
0.1875
0.5
0.1875
0.34375
0.166666666667
0.25
-0.25
0.375
-0.3125
0.2875
0.475
0.09375
-0.625
0.625
-0.1875
-0.0416666666667
0.28125
-0.0714285714286
0.125
0.125
-0.28125
-0.229166666667
0.0892857142857
0.28125
0.151785714286
-0.25
0.125
-0.075
-0.03125
0.109375
-0.5
0.125
-0.125
0.1875
-0.1875
0.166666666667
-0.0803571428571
-0.475
-0.125
-0.15625
-0.125
0.0625
0.0833333333333
0.229166666667
0.25
0.125
-0.5
-0.125
0.15
-0.397058823529
0.25
0.625
0.375
-0.25
-0.125
-0.0416666666667
0.28125
0.601340909091
-0.25
0.875
0.113636363636
-0.125
0.09375
-0.125
0.104166666667
0.25
0.625
0.375
0.166666666667
-0.0625
-0.232142857143
0.625
0.375
0.3125
0.375
0.1875
0.25
-0.375
-0.375
-0.03125
0.1875
0.229166666667
0.1875
0.125
-0.0441176470588
0.125
0.458333333333
0.15
-0.125
-0.125
-0.0625
-0.125
0.875
-0.375
0.5625
0.125
-0.375
0.125
0.166666666667
0.125
0.166666666667
0.375
0.0625
0.113636363636
-0.25
0.270833333333
0.333333333333
0.0625
0.40625
-0.125
0.125
-0.375
-0.291666666667
-0.333333333333
0.25
-0.225
-0.125
-0.125
-0.125
-0.28125
0.125
-0.1875
0.0416666666667
-0.125
0.25
-0.125
0.0625
0.125
-0.125
0.25
0.25
0.25
0.333333333333
-0.125
0.0833333333333
0.333333333333
-0.125
0.21875
0.113636363636
-0.125
0.125
0.0833333333333
-0.125
0.1875
0.0625
-0.125
0.25
-0.416666666667
-0.25
0.208333333333
0.078125
-0.28125
0.25
-0.125
-0.125
0.1875
0.275
0.375
-0.125
0.1875
0.25
0.125
0.25
0.625
-0.75
-0.125
-0.475
0.125
0.0625
-0.0535714285714
-0.625
0.1875
0.09375
-0.125
-0.5
-0.208333333333
0.5625
0.2875
0.375
0.1875
0.875
-0.125
0.0972222222222
-0.480769230769
-0.625
0.375
-0.125
-0.25
-0.125
0.1875
0.28125
0.125
0.0833333333333
-0.075
0.125
-0.0833333333333
0.1875
0.339285714286
0.75
0.125
0.15625
-0.357142857143
-0.15625
0.166666666667
0.125
0.25
0.625
-0.125
-0.125
-0.0416666666667
0.791666666667
0.1875
-0.15625
-0.5625
-0.125
0.0625
0.0833333333333
0.25
0.166666666667
-0.25
-0.541666666667
-0.0833333333333
0.25
-0.0972222222222
-0.208333333333
-0.25
0.125
-0.25
0.375
0.166666666667
-0.375
0.4375
-0.125
0.125
0.3125
0.625
0.225
-0.375
0.875
-0.125
-0.0625
-0.125
-0.125
0.0625
0.1875
0.875
-0.125
0.15625
-0.375
0.125
0.416666666667
