female_male sentiment average: 0.074090377212
female_male total number of words: 1555
female_male_sentiments_csv
0.225
-0.125
0.15625
0.25
-0.166666666667
0.125
0.663043478261
0.425
-0.125
0.625
-0.1875
-0.25
0.3
0.25
0.354166666667
0.575
0.375
0.663043478261
0.625
0.1875
-0.1875
-0.21875
0.075
-0.208333333333
0.1875
-0.125
-0.0625
-0.303571428571
0.125
0.0833333333333
0.1875
-0.125
0.15625
0.125
0.601340909091
-0.34375
-0.458333333333
0.1875
-0.175
0.541666666667
0.125
0.1875
-0.541666666667
-0.25
-0.125
-0.125
0.113636363636
0.25
0.625
-0.25
-0.125
0.4375
-0.125
-0.5
0.0625
-0.125
0.25
0.125
0.5
0.1875
0.25
-0.125
0.25
0.3
0.15625
0.3125
0.25
-0.229166666667
0.75
0.0833333333333
0.35
-0.0833333333333
0.125
-0.375
0.1875
-0.125
0.175
-0.0555555555556
-0.0416666666667
-0.125
-0.0416666666667
0.109375
-0.3125
0.375
-0.5
0.25
0.151785714286
0.0625
-0.25
-0.1875
0.333333333333
-0.125
0.1875
-0.4375
-0.0833333333333
-0.5
-0.125
-0.5
0.1
-0.125
0.0625
-0.375
-0.125
-0.125
-0.375
0.375
-0.5
-0.34375
-0.4375
0.0535714285714
-0.291666666667
-0.75
0.125
0.225
0.125
0.025
-0.0625
0.5
0.25
-0.0833333333333
0.104166666667
-0.25
0.15625
0.25
-0.125
-0.125
0.0714285714286
0.275
0.166666666667
-0.208333333333
-0.0625
0.104166666667
1.0
0.078125
-0.03125
0.15
-0.375
-0.125
0.5625
-0.3125
-0.0833333333333
-0.125
-0.125
-0.25
0.375
0.25
0.15625
0.125
0.265625
0.25
0.375
0.25
-0.160714285714
-0.125
0.125
-0.25
0.125
0.5625
0.125
0.125
0.125
0.03125
0.075
-0.125
-0.333333333333
0.25
0.0714285714286
-0.3125
0.25
-0.6875
-0.1875
0.25
0.1875
0.25
-0.125
0.333333333333
0.375
-0.214285714286
0.125
0.125
-0.125
-0.25
0.125
0.125
-0.0625
-0.0833333333333
0.625
-0.125
0.1875
0.1875
-0.125
0.21875
0.34375
0.0625
0.3125
0.125
0.0681818181818
-0.3125
0.625
-0.125
0.375
0.125
0.196428571429
0.25
0.25
0.125
-0.375
0.1
-0.0625
0.4375
-0.625
0.1875
0.25
0.4375
0.125
0.15625
0.375
-0.25
-0.1875
-0.0416666666667
0.625
0.390625
0.0833333333333
0.125
-0.134615384615
0.25
-0.5
0.2875
0.166666666667
0.325
0.125
-0.125
0.347222222222
0.0625
-0.125
0.1875
-0.625
-0.0625
-0.15625
0.125
0.113636363636
0.125
0.0416666666667
0.390625
0.0833333333333
0.25
-0.125
0.3125
0.333333333333
-0.375
0.2875
-0.0833333333333
0.75
0.2875
0.25
0.357142857143
0.357142857143
0.291666666667
0.15
0.357142857143
-0.0833333333333
-0.229166666667
0.0625
0.0625
-0.125
0.2875
0.333333333333
0.104166666667
0.375
0.0833333333333
0.125
0.25
-0.475
-0.125
0.166666666667
0.0833333333333
-0.125
-0.145833333333
-0.25
-0.125
0.0833333333333
0.40625
0.25
0.25
0.125
0.5
0.025
0.663043478261
0.25
0.0625
0.25
0.2
0.3
-0.03125
-0.625
-0.0357142857143
0.15
-0.1362
0.275
0.291666666667
-0.375
0.25
-0.375
-0.0416666666667
-0.333333333333
-0.0625
0.25
0.15
0.375
0.125
0.25
-0.321428571429
0.25
-0.0416666666667
-0.125
-0.3125
0.25
0.390625
0.25
0.5625
-0.03125
0.375
0.5
0.15
-0.229166666667
-0.0416666666667
-0.375
0.1875
0.28125
-0.0625
-0.25
-0.0625
-0.0625
0.25
0.375
0.2
-0.03125
-0.357142857143
-0.357142857143
0.375
0.5
0.25
0.0833333333333
0.125
-0.375
0.0625
0.375
-0.625
-0.0416666666667
0.25
-0.229166666667
0.0625
0.203125
0.125
0.125
-0.125
0.375
-0.1875
0.2
0.03125
-0.15
-0.160714285714
0.125
0.125
-0.354166666667
0.0416666666667
-0.25
0.4375
-0.395833333333
-0.25
-0.5
0.3125
0.03125
0.0833333333333
0.225
0.25
-0.125
0.125
-0.2875
-0.15625
0.15
0.025
-0.125
0.375
0.34375
0.166666666667
0.25
0.25
-0.475
0.375
0.1875
0.25
-0.125
0.25
0.125
0.1875
0.375
0.291666666667
0.15
0.25
0.046875
0.4375
-0.0625
-0.35
-0.0625
0.125
-0.125
0.25
0.152777777778
0.25
0.0535714285714
0.375
0.125
0.25
-0.4375
0.125
0.166666666667
0.078125
0.28125
-0.134615384615
0.663043478261
0.104166666667
-0.03125
0.375
0.104166666667
0.0833333333333
-0.0833333333333
-0.321428571429
-0.25
0.275
0.104166666667
0.1875
-0.1875
0.1875
0.28125
0.0833333333333
-0.09375
0.3125
0.1875
0.21875
0.25
-0.0833333333333
0.15625
0.25
-0.0833333333333
-0.0625
0.25
-0.25
-0.4375
-0.25
0.291666666667
0.0192307692308
0.125
0.125
0.0625
-0.25
0.104166666667
-0.125
-0.1
0.09375
0.125
-0.125
0.214285714286
0.1875
0.291666666667
-0.1875
-0.125
0.104166666667
0.0625
-0.125
0.25
0.25
-0.25
0.5
0.03125
-0.125
0.625
0.15625
0.5
0.0576923076923
0.5
0.125
0.5
-0.1875
0.25
0.125
-0.279857142857
0.375
-0.25
0.25
0.5
0.46875
0.178571428571
-0.0625
-0.375
0.03125
-0.208333333333
0.3125
0.125
0.2
0.025
-0.208333333333
0.078125
0.125
0.375
-0.25
0.0416666666667
0.28125
-0.15625
0.1875
0.34375
0.057
0.125
0.125
0.6875
-0.125
0.125
-0.625
-0.0833333333333
-0.1875
0.0833333333333
0.291666666667
0.125
-0.125
0.025
-0.0833333333333
-0.15625
0.21875
0.0625
0.28125
0.25
0.25
0.416666666667
0.104166666667
-0.0833333333333
-0.477272727273
0.25
0.09375
-0.5
0.5625
0.625
0.2875
0.229166666667
0.0892857142857
0.25
-0.125
-0.333333333333
0.464285714286
-0.397058823529
0.175
-0.75
0.583333333333
0.145833333333
0.2875
0.046875
0.0416666666667
-0.15625
-0.125
-0.75
-0.5
0.25
-0.0625
-0.125
0.166666666667
0.125
-0.5625
0.0357142857143
-0.5625
-0.125
0.0833333333333
-0.125
0.0357142857143
-0.3125
-0.625
0.5625
0.2
0.347222222222
-0.25
-0.25
-0.3125
0.625
0.390625
-0.0833333333333
0.28125
-0.134615384615
0.357142857143
0.25
0.390625
0.1875
0.104166666667
0.1875
0.291666666667
0.625
0.375
0.1875
0.319444444444
-0.125
0.15
-0.0625
0.28125
0.125
0.375
0.125
0.125
0.0625
0.125
-0.0833333333333
0.198529411765
-0.203125
-0.28125
-0.28125
-0.05
0.5
0.25
-0.357142857143
0.125
0.34375
-0.125
-0.125
-0.05
0.0833333333333
-0.614583333333
-0.614583333333
-0.125
0.25
0.0833333333333
-0.125
-0.125
-0.125
0.333333333333
-0.05
0.375
-0.357142857143
0.5
-0.34375
-0.125
0.28125
0.25
0.125
0.125
0.125
-0.4375
-0.229166666667
0.125
0.125
0.25
0.125
0.25
0.046875
0.319444444444
0.25
-0.125
-0.125
0.125
0.25
0.09375
0.3
0.25
0.125
-0.625
0.1
0.416666666667
-0.125
-0.125
0.1875
0.0833333333333
0.125
0.1
0.21875
0.125
0.25
-0.1875
0.125
0.0833333333333
-0.125
-0.125
0.25
0.291666666667
0.25
-0.125
-0.1875
0.075
-0.125
0.0416666666667
0.125
0.375
0.25
0.0416666666667
0.208333333333
-0.0625
-0.125
0.3
0.375
0.025
0.046875
-0.375
-0.25
-0.625
-0.145833333333
0.416666666667
0.25
0.375
0.25
0.34375
0.0833333333333
0.046875
0.125
0.09375
-0.125
0.291666666667
0.09375
-0.0416666666667
0.125
0.046875
0.458333333333
0.5
0.25
-0.0625
0.0833333333333
0.25
0.339285714286
0.203125
0.25
0.575
0.2
-0.208333333333
0.25
-0.125
0.1875
0.125
0.0833333333333
0.104166666667
-0.125
0.375
0.025
0.25
0.375
-0.125
0.75
-0.125
-0.056
0.125
0.25
-0.1875
0.663043478261
0.875
0.0833333333333
0.125
-0.308823529412
0.25
-0.0625
0.5
0.1875
0.125
0.125
0.25
0.46875
0.425
0.0625
0.125
-0.25
-0.5
0.25
0.375
0.575
0.278
0.25
0.125
0.208333333333
-0.0625
-0.375
0.125
0.25
0.3125
0.375
0.25
0.5
0.181818181818
-0.25
-0.0625
-0.321428571429
0.046875
-0.125
0.3125
0.375
-0.595588235294
0.1875
0.208333333333
0.046875
0.125
0.563081081081
-0.03125
0.15
0.0833333333333
-0.15625
0.3125
0.25
0.178571428571
-0.25
-0.15625
0.15
0.25
-0.25
-0.375
0.1875
-0.0625
0.375
0.125
0.125
0.0625
0.125
-0.0833333333333
0.198529411765
-0.203125
-0.28125
0.25
-0.125
-0.125
0.333333333333
0.46875
-0.125
0.125
0.416666666667
-0.5
0.109375
1.0
0.125
-0.0833333333333
-0.25
-0.375
-0.375
0.125
-0.4375
0.104166666667
-0.25
0.109375
-0.125
0.5
-0.4375
0.25
0.25
-0.229166666667
-0.125
0.104166666667
0.5
-0.125
0.0625
0.5
0.25
0.25
-0.03125
0.5
0.25
0.375
0.104166666667
0.625
-0.229166666667
0.1
0.109375
0.104166666667
-0.1875
-0.0416666666667
0.125
0.5
0.25
0.125
-0.125
0.625
0.175
-0.25
0.125
0.375
0.125
0.125
-0.125
0.125
0.601340909091
-0.125
0.25
0.625
0.5
0.09375
-0.375
0.625
-0.375
0.375
-0.229166666667
0.5625
0.625
0.4375
-0.125
0.125
-0.125
0.125
0.175
0.25
0.125
0.125
-0.229166666667
0.125
-0.375
0.25
0.109375
0.25
-0.284090909091
-0.125
0.25
0.104166666667
0.25
-0.0714285714286
0.1875
0.125
-0.229166666667
-0.125
0.1875
0.3
-0.625
-0.25
-0.395833333333
-0.625
-0.25
0.125
-0.125
0.3125
-0.0803571428571
0.125
0.03125
-0.75
0.625
-0.125
0.5625
-0.6875
-0.03125
0.25
0.125
0.0833333333333
0.375
0.125
0.125
-0.375
-0.0416666666667
-0.25
-0.0625
-0.25
0.0833333333333
0.25
-0.125
0.625
-0.125
0.375
0.601340909091
0.1
0.5
0.416666666667
0.125
-0.125
-0.6875
0.563081081081
0.625
0.075
0.6875
0.109375
0.1875
0.0833333333333
0.0833333333333
0.208333333333
0.0833333333333
-0.1875
0.208333333333
0.5625
0.104166666667
-0.4375
0.5
0.625
0.25
-0.0416666666667
0.1875
0.5
-0.4375
0.333333333333
-0.0714285714286
0.5
0.175
-0.125
0.5
0.625
0.1875
0.333333333333
0.0178571428571
0.5
0.125
0.1875
-0.125
-0.0416666666667
0.3125
0.25
0.104166666667
0.5
0.1875
0.3
0.267857142857
0.267857142857
0.601340909091
0.125
0.3
-0.125
0.3
0.1875
-0.125
0.1875
-0.0416666666667
0.1875
0.0833333333333
0.104166666667
0.5
0.25
0.1
0.1875
0.375
0.1875
-0.03125
0.104166666667
-0.125
0.625
0.625
0.075
0.203125
0.375
0.125
0.0833333333333
0.0833333333333
0.208333333333
0.125
-0.0625
-0.125
-0.125
-0.375
0.25
-0.25
0.125
-0.416666666667
-0.125
0.125
0.5
0.291666666667
-0.125
0.0833333333333
0.1875
0.625
0.25
0.15625
0.125
0.25
-0.0416666666667
-0.4375
-0.125
-0.125
0.28125
0.25
0.075
0.1875
0.25
0.152777777778
-0.208333333333
0.6875
0.375
-0.375
-0.125
0.28125
-0.375
0.625
0.6875
0.25
-0.125
0.078125
0.25
0.166666666667
-0.046875
-0.583333333333
-0.625
0.075
0.075
0.625
0.0892857142857
0.03125
-0.229166666667
0.25
0.563081081081
0.125
0.0625
-0.125
0.375
0.25
0.5625
0.125
-0.4375
0.375
-0.046875
0.625
-0.125
0.125
-0.625
-0.333333333333
0.125
-0.0625
-0.3125
0.125
-0.0416666666667
-0.25
0.46875
-0.75
0.125
0.1
0.125
0.1875
-0.125
-0.595588235294
-0.03125
-0.125
-0.541666666667
-0.0625
0.416666666667
-0.25
0.25
0.25
0.291666666667
-0.125
-0.25
0.025
-0.125
-0.125
-0.5
-0.0416666666667
0.601340909091
0.6875
0.0892857142857
0.625
0.125
0.3
0.5
0.25
0.125
0.0714285714286
-0.375
0.5
0.25
-0.5625
0.25
0.0833333333333
-0.25
-0.1875
-0.541666666667
0.375
-0.333333333333
0.125
-0.328125
-0.03125
0.1875
-0.0416666666667
0.0714285714286
0.152777777778
-0.0625
-0.125
-0.125
-0.09375
0.375
0.104166666667
0.347222222222
-0.625
-0.125
-0.6875
0.28125
0.125
-0.125
0.1875
0.375
-0.1875
-0.625
0.21875
-0.125
0.25
0.71875
0.0625
0.125
0.265625
0.5
-0.625
-0.325
-0.3125
0.25
0.1875
-0.21875
-0.1875
-0.166666666667
-0.375
0.6875
0.125
-0.125
-0.25
0.125
0.125
0.125
-0.125
0.1875
0.0833333333333
-0.375
0.104166666667
0.625
0.6875
0.25
0.25
0.325
0.1875
0.416666666667
-0.046875
0.21875
-0.0625
-0.125
0.104166666667
0.5625
-0.375
-0.125
0.125
0.125
-0.3375
-0.0625
0.0833333333333
0.25
0.625
-0.0625
-0.0416666666667
0.125
-0.229166666667
-0.075
0.1875
-0.625
0.125
-0.265625
0.229166666667
0.125
-0.208333333333
-0.1875
0.03125
0.375
-0.208333333333
-0.0625
0.125
-0.125
0.125
0.875
-0.6875
0.125
-0.125
-0.0961538461538
-0.541666666667
-0.458333333333
-0.458333333333
-0.5
-0.0625
0.09375
0.5625
0.375
0.425
-0.0416666666667
-0.125
-0.0441176470588
-0.375
-0.28125
0.166666666667
0.15
0.0833333333333
0.0625
0.15625
0.0625
-0.125
-0.03125
-0.144230769231
0.663043478261
0.1875
0.125
0.152777777778
0.125
0.125
0.75
-0.125
-0.208333333333
0.1
0.25
0.0714285714286
0.21875
-0.1362
-0.0416666666667
-0.125
-0.625
0.075
0.3125
0.3125
0.125
0.25
-0.125
0.347222222222
-0.125
0.25
-0.0625
0.229166666667
0.0833333333333
0.339285714286
-0.125
0.1875
0.125
0.125
0.5
0.3125
0.025
0.104166666667
-0.203125
-0.291666666667
0.3125
0.5
-0.125
0.583333333333
0.458333333333
0.625
-0.25
-0.0416666666667
-0.28125
-0.0625
0.0416666666667
-0.0555555555556
0.3125
0.0833333333333
0.25
-0.25
-0.125
-0.1875
0.208333333333
-0.3125
0.178571428571
0.25
-0.25
0.125
-0.25
-0.125
-0.21875
-0.208333333333
0.46875
0.15625
0.44275
0.46875
0.09375
0.25
0.15625
0.03125
0.15
0.046875
-0.625
0.357142857143
-0.25
0.5
0.15
0.03125
-0.125
0.15625
-0.0625
0.333333333333
0.46875
0.583333333333
-0.125
0.166666666667
0.15
0.583333333333
0.663043478261
0.15
0.166666666667
0.575
-0.0555555555556
-0.0833333333333
0.0833333333333
0.0625
-0.125
0.075
0.575
0.125
-0.125
-0.5
-0.25
-0.284090909091
-0.15625
0.0625
-0.3125
0.125
0.0833333333333
-0.125
-0.25
-0.125
0.075
-0.3125
0.291666666667
-0.0625
-0.15625
-0.166666666667
0.1875
0.390625
-0.25
-0.3125
0.25
0.15625
-0.125
0.1875
0.15
0.125
0.208333333333
-0.25
0.25
0.3125
0.25
0.125
-0.0833333333333
-0.125
0.2
-0.375
0.125
0.21875
0.166666666667
0.1875
0.5625
0.025
0.05
-0.25
0.21875
-0.125
-0.21875
-0.625
0.046875
-0.0625
-0.375
-0.1875
0.046875
-0.0625
0.4375
-0.1875
0.34375
0.375
0.1875
-0.3125
0.125
-0.25
0.0714285714286
-0.125
-0.375
0.166666666667
0.375
0.125
-0.0625
0.333333333333
0.25
-0.321428571429
0.125
-0.0833333333333
0.375
0.375
0.125
0.375
-0.375
0.0625
-0.15625
0.375
0.125
0.125
0.125
0.125
0.104166666667
-0.125
-0.0833333333333
-0.03125
0.15
-0.208333333333
0.5
-0.5
-0.125
-0.0625
0.375
-0.125
-0.375
-0.09375
0.1875
0.416666666667
0.5
-0.03125
0.0416666666667
-0.125
-0.25
0.4375
0.125
-0.125
0.25
0.333333333333
0.25
0.333333333333
0.2875
0.339285714286
-0.34375
0.5
0.125
0.0535714285714
-0.1
-0.1362
0.236111111111
0.125
-0.25
0.125
0.25
-0.0625
-0.134615384615
-0.125
0.15
0.791666666667
0.375
0.104166666667
-0.125
0.175
-0.40625
0.25
-0.5
0.375
0.15625
0.28125
0.375
0.09375
0.125
0.125
0.34375
0.125
-0.333333333333
-0.232142857143
0.25
0.21875
-0.4375
-0.357142857143
0.142857142857
0.25
0.2875
0.125
-0.25
-0.125
0.0625
0.375
0.0625
0.152777777778
-0.375
-0.232142857143
0.5
0.1875
0.663043478261
0.325
