male_female sentiment average: 0.0555861067362
male_female total number of words: 1439
male_female_sentiments_csv
-0.4375
0.125
-0.0833333333333
0.125
0.125
0.25
-0.125
-0.6875
0.375
0.25
0.375
0.25
0.125
0.291666666667
0.375
-0.125
0.166666666667
-0.075
0.25
-0.05
-0.25
-0.125
0.125
0.1875
-0.34375
-0.375
-0.375
0.0892857142857
0.25
0.104166666667
-0.1875
0.34375
0.0625
-0.4375
-0.361111111111
-0.375
0.0892857142857
-0.375
0.458333333333
-0.1875
0.375
0.125
0.375
0.5
-0.34375
0.40625
-0.125
0.0833333333333
-0.1875
-0.375
-0.5
-0.5
0.291666666667
-0.125
0.166666666667
-0.5
-0.0833333333333
0.0625
0.125
0.109375
-0.0833333333333
-0.125
0.09375
-0.25
0.104166666667
0.25
-0.375
0.40625
-0.375
0.25
0.5625
-0.208333333333
-0.125
0.375
-0.0441176470588
-0.375
0.046875
-0.0833333333333
0.166666666667
-0.1875
0.625
0.0625
-0.125
0.15
0.125
-0.0833333333333
0.2
-0.125
-0.625
-0.125
0.25
0.104166666667
0.104166666667
0.125
0.125
-0.4375
0.15625
0.125
0.125
0.0535714285714
0.21875
0.0416666666667
0.2
-0.0803571428571
0.125
0.125
-0.125
0.1875
-0.125
0.625
0.1875
0.265625
0.208333333333
0.125
-0.0416666666667
0.166666666667
0.075
0.104166666667
-0.125
0.166666666667
0.09375
-0.0833333333333
-0.25
-0.229166666667
0.3
0.288461538462
0.2
-0.1875
0.104166666667
0.075
-0.375
0.0625
0.375
0.25
0.125
-0.3125
0.663043478261
0.111111111111
-0.075
0.0625
-0.125
0.166666666667
0.125
0.0535714285714
0.225
-0.075
0.25
0.663043478261
0.1875
0.057
-0.0833333333333
-0.397058823529
-0.125
-0.1875
-0.3125
-0.5625
0.5
-0.75
-0.125
-0.125
-0.208333333333
-0.4375
-0.1875
-0.208333333333
0.03125
0.0416666666667
-0.541666666667
-0.5
-0.40625
0.15
0.375
0.25
-0.125
0.375
0.09375
-0.125
-0.0416666666667
0.21875
0.125
0.125
-0.125
-0.03125
-0.375
-0.75
0.125
0.375
-0.375
-0.0416666666667
0.104166666667
0.875
0.2
0.125
-0.125
0.1875
0.0681818181818
0.0625
0.0714285714286
0.375
0.1
0.25
-0.25
0.5
0.75
-0.1875
0.791666666667
-0.625
-0.125
0.0625
0.25
0.0625
-0.125
-0.09375
-0.475
-0.25
0.125
0.333333333333
0.25
0.125
0.208333333333
0.458333333333
-0.125
-0.125
-0.1875
-0.208333333333
0.375
0.125
-0.125
-0.375
0.333333333333
-0.125
0.416666666667
0.375
0.125
0.0833333333333
-0.0178571428571
-0.375
-0.166666666667
-0.125
0.25
0.1
0.663043478261
-0.0833333333333
-0.03125
-0.270833333333
0.5625
-0.625
0.28125
0.125
-0.3125
-0.125
0.125
-0.125
0.875
0.03125
-0.125
0.25
0.125
0.125
0.125
0.125
0.09375
0.3125
-0.232142857143
0.375
0.125
0.125
-0.25
-0.583333333333
0.125
-0.375
0.125
0.375
0.25
0.0833333333333
0.25
0.3125
0.357142857143
0.125
-0.25
-0.125
-0.125
0.0625
-0.25
0.15625
0.291666666667
-0.0625
0.0833333333333
0.25
-0.625
0.2
0.333333333333
0.09375
0.046875
-0.75
0.291666666667
0.390625
-0.125
0.347222222222
0.333333333333
0.390625
0.1
0.1875
0.390625
0.0892857142857
0.25
-0.25
0.375
0.375
0.25
0.21875
0.291666666667
-0.25
-0.375
0.2
0.333333333333
-0.1875
0.25
0.347222222222
0.625
0.15625
0.25
-0.208333333333
0.166666666667
0.1875
-0.125
0.09375
0.151785714286
-0.125
0.25
0.25
0.125
-0.3125
-0.125
0.5
0.0833333333333
-0.125
-0.0416666666667
0.25
-0.125
0.057
0.347222222222
-0.0625
0.375
-0.25
-0.475
0.2875
-0.25
0.2875
0.2875
-0.0625
0.291666666667
-0.075
-0.125
0.291666666667
0.333333333333
0.25
0.2
0.0625
-0.625
0.125
0.015625
0.291666666667
0.28125
0.125
0.25
0.375
-0.147727272727
-0.5
-0.25
-0.208333333333
-0.0625
0.125
0.2875
0.25
0.1875
0.291666666667
-0.125
0.104166666667
0.25
0.125
0.2
0.2875
-0.125
0.125
0.75
0.2875
-0.125
0.2
0.046875
-0.075
0.075
-0.0416666666667
0.563081081081
-0.357142857143
-0.145833333333
0.152777777778
-0.25
-0.6875
0.375
-0.075
0.25
0.2
-0.125
0.125
-0.15625
0.15
-0.125
0.2875
-0.3125
-0.0625
0.291666666667
0.375
0.2875
0.25
-0.5625
-0.375
-0.375
-0.0833333333333
-0.480769230769
0.375
0.5
-0.125
0.0535714285714
0.203125
-0.208333333333
-0.5
0.2
0.125
0.375
0.166666666667
0.208333333333
-0.6875
0.0625
-0.125
0.34375
0.151785714286
0.125
-0.125
0.375
-0.303571428571
-0.59375
0.125
0.663043478261
0.078125
0.125
-0.5
0.125
-0.3125
0.145833333333
-0.614583333333
0.25
0.601340909091
0.125
0.6875
0.5
0.125
0.375
-0.25
-0.375
0.25
-0.1875
-0.125
0.0625
-0.1875
-0.0714285714286
0.125
-0.25
-0.229166666667
0.1875
0.104166666667
0.166666666667
0.1875
-0.0833333333333
-0.275
0.357142857143
0.1875
0.25
0.075
0.104166666667
0.25
-0.475
0.125
0.25
0.357142857143
-0.475
-0.125
-0.0535714285714
0.0625
0.125
0.375
-0.25
0.5
0.1875
0.25
0.25
0.208333333333
-0.125
-0.125
-0.125
0.0416666666667
0.125
-0.125
-0.0625
0.175
-0.125
0.125
-0.35
0.1875
0.291666666667
0.663043478261
0.125
0.208333333333
0.875
-0.25
0.1875
-0.0416666666667
-0.09375
0.2875
0.125
0.208333333333
0.875
-0.25
0.1875
-0.0416666666667
-0.09375
0.2875
0.125
-0.375
-0.125
-0.21875
0.25
-0.0625
0.333333333333
-0.21875
0.25
-0.0625
0.333333333333
-0.25
0.3125
0.2
0.329545454545
0.125
-0.0625
0.329545454545
0.125
-0.0625
0.2
-0.25
0.125
0.25
0.057
0.09375
-0.25
-0.125
-0.375
-0.145833333333
0.601340909091
0.28125
-0.25
0.28125
0.25
-0.125
0.3125
0.125
0.21875
-0.0625
-0.0277777777778
0.333333333333
-0.125
0.25
-0.75
0.3125
0.25
0.1875
0.5
0.208333333333
-0.0625
-0.125
-0.125
-0.5
-0.0833333333333
-0.1875
-0.595588235294
-0.5625
-0.5625
-0.125
0.25
-0.03125
-0.125
0.5
0.357142857143
0.2875
-0.3125
-0.0833333333333
0.357142857143
0.125
0.109375
0.125
0.28125
0.104166666667
0.25
-0.5
0.25
0.275
0.375
0.25
-0.477272727273
0.21875
-0.0277777777778
0.25
0.3
0.5
0.125
0.125
0.1875
0.125
0.151785714286
0.375
0.0416666666667
0.3125
0.125
-0.125
-0.3125
-0.0833333333333
0.4375
0.375
0.291666666667
0.0892857142857
-0.0961538461538
-0.125
0.09375
0.1875
0.125
-0.625
0.5
0.125
0.1875
0.125
0.3125
0.28125
0.0416666666667
0.09375
-0.284090909091
0.2875
-0.1875
0.125
0.5
0.5
-0.125
0.28125
-0.375
-0.208333333333
-0.375
0.125
-0.1875
-0.125
0.375
-0.0625
-0.25
-0.125
0.21875
0.15
0.375
0.21875
0.3125
-0.125
0.333333333333
0.875
-0.3125
0.875
0.333333333333
0.2
0.166666666667
0.625
0.25
-0.125
-0.5
-0.375
-0.125
0.375
-0.25
-0.25
0.1
0.0625
-0.0625
0.1875
0.125
0.25
0.25
-0.375
-0.125
0.125
0.03125
-0.0416666666667
0.25
-0.0416666666667
0.583333333333
-0.125
-0.125
-0.25
0.25
-0.25
0.15625
-0.125
-0.375
-0.125
-0.0625
0.0714285714286
-0.03125
-0.125
0.0625
0.375
0.03125
0.125
0.375
-0.0416666666667
-0.125
0.375
0.875
0.375
0.25
-0.75
0.25
0.03125
0.25
0.125
-0.1875
-0.0416666666667
0.791666666667
0.25
0.375
-0.0416666666667
-0.075
0.09375
-0.375
0.325
0.375
-0.625
-0.125
-0.125
0.0416666666667
0.125
0.375
0.125
0.1
0.125
0.25
0.25
0.1
0.09375
0.25
-0.291666666667
0.166666666667
0.125
0.109375
0.1875
0.125
0.375
0.663043478261
-0.125
0.28125
0.1
0.125
0.09375
0.0192307692308
0.375
0.25
0.109375
-0.4375
0.25
0.25
0.875
0.125
-0.03125
-0.25
-0.0833333333333
0.25
0.0833333333333
0.25
-0.125
0.09375
-0.25
-0.0625
-0.3375
0.125
0.166666666667
0.625
0.125
0.5
0.125
-0.0625
0.625
0.25
0.1875
0.25
-0.0416666666667
-0.0714285714286
0.375
-0.333333333333
0.125
-0.125
-0.0972222222222
0.175
0.125
0.25
0.104166666667
-0.125
-0.1875
0.375
0.125
0.125
-0.4375
0.1875
-0.125
-0.229166666667
0.208333333333
0.104166666667
0.075
0.25
0.25
0.125
-0.25
-0.4375
0.2875
0.125
0.5625
0.25
0.25
-0.125
0.375
0.46875
0.1875
0.25
-0.325666666667
0.25
0.229166666667
0.03125
-0.25
0.104166666667
0.104166666667
0.229166666667
0.125
0.125
-0.229166666667
-0.125
0.6875
0.078125
0.28125
0.166666666667
0.6875
0.0892857142857
0.25
0.25
-0.125
0.291666666667
0.125
-0.1875
0.0625
-0.28125
0.125
0.6875
0.125
0.225
0.0833333333333
0.46875
0.25
-0.541666666667
-0.75
0.25
0.46875
0.575
-0.40625
0.25
-0.125
0.208333333333
0.125
0.25
0.44275
-0.1875
-0.4375
0.1875
0.663043478261
-0.5
0.3125
0.25
-0.125
0.625
-0.125
0.375
0.5
0.125
-0.125
0.625
-0.458333333333
0.125
0.325
-0.232142857143
0.1875
0.25
-0.75
-0.5
0.125
0.25
0.125
0.0576923076923
0.875
0.3
0.425
0.0625
0.25
-0.321428571429
0.1875
0.375
-0.4375
0.229166666667
0.1875
-0.125
-0.1875
0.6875
0.0625
-0.375
0.2875
-0.397058823529
-0.125
-0.0416666666667
-0.28125
-0.125
-0.25
0.125
0.25
-0.542388888889
-0.5
-0.375
0.125
0.2
0.125
0.25
0.25
-0.375
0.1875
0.375
-0.375
-0.09375
-0.475
-0.125
0.15
-0.625
0.15
-0.125
-0.5
-0.375
-0.625
0.0625
0.0681818181818
0.0833333333333
-0.5
-0.333333333333
-0.25
0.225
0.125
-0.25
-0.208333333333
-0.277777777778
-0.225
-0.232142857143
-0.0833333333333
-0.25
-0.0416666666667
0.0416666666667
-0.125
0.125
-0.175
0.03125
0.575
-0.291666666667
0.25
0.5
0.475
0.0892857142857
-0.75
0.375
0.125
0.15625
-0.25
-0.125
-0.125
-0.625
-0.125
-0.125
-0.303571428571
0.1875
-0.1875
-0.125
-0.75
-0.375
0.075
-0.0714285714286
0.125
0.5
0.625
0.104166666667
0.25
0.1875
-0.125
0.25
0.375
0.375
0.125
0.125
0.09375
-0.475
0.15
0.125
0.75
0.025
0.2875
-0.15625
-0.0416666666667
0.25
-0.0833333333333
0.5625
0.125
-0.375
-0.1875
0.104166666667
0.5625
-0.125
-0.0833333333333
0.25
0.25
-0.125
-0.625
0.145833333333
-0.25
0.046875
0.125
0.5
-0.0277777777778
0.125
-0.4375
-0.125
-0.6875
0.375
0.35
-0.0625
0.5625
-0.125
0.375
0.25
0.0625
0.075
-0.125
-0.2875
0.125
0.2875
0.601340909091
0.375
0.151785714286
0.25
-0.25
0.203125
0.663043478261
0.0714285714286
-0.0416666666667
-0.0833333333333
0.663043478261
0.347222222222
0.125
0.4375
0.625
-0.5
0.125
0.875
0.125
-0.25
0.1875
0.111111111111
0.25
0.166666666667
0.15
-0.125
0.35
0.15625
-0.291666666667
0.34375
0.125
-0.1362
0.125
0.104166666667
-0.25
0.015625
0.025
0.34375
0.0416666666667
-0.25
0.4375
-0.125
0.0416666666667
-0.125
-0.25
0.125
0.166666666667
-0.291666666667
0.28125
-0.0416666666667
-0.321428571429
-0.375
-0.477272727273
-0.0625
0.357142857143
0.0625
-0.125
-0.375
0.0833333333333
0.15
-0.125
-0.25
-0.09375
0.25
0.5
0.375
0.125
0.625
0.105769230769
0.125
0.2
-0.125
0.15
-0.125
-0.125
0.0416666666667
0.25
-0.375
0.125
0.375
0.125
0.166666666667
0.1875
0.625
0.1875
-0.15625
-0.0178571428571
0.15
0.375
0.0625
0.125
0.113636363636
0.21875
-0.125
0.0208333333333
-0.291666666667
0.291666666667
0.25
0.25
-0.25
0.375
0.663043478261
0.25
-0.375
0.125
0.375
0.125
0.03125
0.601340909091
0.21875
0.1875
0.142857142857
0.125
0.5
-0.125
-0.147727272727
0.125
0.390625
0.0625
-0.5
0.125
0.375
0.142857142857
-0.125
-0.0833333333333
-0.125
0.25
-0.125
0.375
0.25
0.125
0.1
-0.166666666667
0.0714285714286
0.105769230769
-0.625
0.0892857142857
0.125
-0.375
0.175
0.25
0.5625
0.104166666667
0.75
-0.125
-0.125
0.15
0.25
0.0625
0.1875
-0.0441176470588
0.28125
0.875
0.1
0.0833333333333
0.375
-0.333333333333
0.275
-0.375
-0.125
0.375
0.25
0.1875
-0.25
-0.25
0.3125
-0.25
0.125
-0.375
-0.4375
0.03125
0.625
-0.229166666667
-0.6875
0.2875
0.583333333333
-0.125
-0.0833333333333
-0.125
-0.1875
0.1875
0.375
-0.125
0.125
0.125
0.125
0.5625
0.25
0.125
0.1875
-0.0833333333333
-0.075
0.15625
0.125
0.046875
-0.375
0.375
-0.0833333333333
-0.375
0.390625
-0.15625
0.125
0.166666666667
0.046875
-0.0625
-0.25
0.2
-0.25
-0.1875
0.5
0.1875
-0.111111111111
-0.4375
0.25
0.0714285714286
-0.125
0.4375
-0.25
0.25
0.166666666667
0.2
-0.3125
0.3125
0.375
-0.075
-0.25
-0.1875
0.046875
-0.075
0.2875
-0.208333333333
-0.075
0.2875
0.15625
0.2875
-0.25
0.0625
0.2875
0.0192307692308
0.046875
-0.25
-0.15625
0.3125
-0.625
-0.232142857143
-0.5
0.375
-0.375
0.166666666667
-0.125
0.0625
0.375
0.125
0.1875
-0.125
0.208333333333
-0.4375
-0.25
0.25
0.416666666667
0.25
-0.130434782609
0.375
-0.479166666667
-0.479166666667
-0.479166666667
-0.625
0.2875
0.1875
-0.3125
-0.125
0.125
-0.0416666666667
-0.291666666667
0.125
-0.357142857143
-0.4375
0.663043478261
0.09375
0.078125
-0.34375
-0.0625
0.25
-0.0833333333333
0.625
0.0625
0.25
0.0416666666667
0.125
0.875
0.0178571428571
-0.25
0.125
-0.625
-0.0625
-0.375
-0.34375
-0.259615384615
-0.25
0.25
-0.25
-0.458333333333
0.1875
-0.25
-0.125
0.333333333333
0.375
-0.166666666667
0.475
-0.125
0.236111111111
0.375
-0.75
-0.0625
-0.125
-0.125
0.125
0.875
-0.25
-0.5
0.1875
0.5625
0.25
-0.025
-0.166666666667
0.125
0.25
0.0833333333333
0.125
-0.125
0.2875
0.125
0.25
0.25
0.663043478261
0.15625
0.25
-0.125
0.34375
0.208333333333
-0.125
0.0625
-0.125
0.125
0.0625
-0.5
-0.15625
-0.357142857143
-0.208333333333
0.057
-0.40625
0.663043478261
0.1875
0.663043478261
-0.0714285714286
-0.357142857143
0.046875
0.5
-0.125
-0.175
-0.475
-0.0416666666667
-0.416666666667
0.375
0.046875
0.125
0.375
-0.291666666667
0.0416666666667
0.25
-0.5
0.125
0.625
-0.125
-0.232142857143
-0.1875
0.0833333333333
0.0681818181818
0.25
-0.125
0.208333333333
0.125
0.0833333333333
0.2875
