male_male sentiment average: 0.0534248425109
male_male total number of words: 2759
male_male_sentiments_csv
0.125
-0.25
-0.125
0.125
-0.1875
-0.0625
0.375
0.15
0.0535714285714
-0.0833333333333
0.291666666667
-0.125
-0.3125
0.25
-0.1875
0.25
0.5625
0.111111111111
0.109375
0.25
-0.232142857143
0.105769230769
0.4
-0.625
-0.375
-0.075
0.125
0.1875
0.0416666666667
0.125
-0.321428571429
-0.375
0.15625
0.125
0.375
-0.125
-0.229166666667
0.34375
-0.0416666666667
0.1
0.0625
0.125
-0.0625
-0.475
0.125
0.125
0.25
-0.75
-0.125
0.0535714285714
-0.375
0.03125
0.0892857142857
0.1875
0.0833333333333
-0.229166666667
0.3
-0.125
0.25
0.175
-0.125
-0.321428571429
0.25
-0.5
0.075
0.5
-0.125
-0.125
0.25
-0.125
-0.125
0.125
-0.125
0.125
0.4375
0.125
0.375
0.0833333333333
-0.125
0.125
0.4375
0.166666666667
-0.15
-0.225
-0.0625
0.208333333333
0.25
0.267857142857
-0.125
-0.75
-0.229166666667
0.4375
-0.28125
0.105769230769
0.0178571428571
0.375
0.125
-0.229166666667
0.125
0.475
-0.25
0.0833333333333
0.15625
0.475
0.375
0.125
-0.5
-0.125
0.625
0.125
-0.125
0.291666666667
-0.1875
0.5
0.5
0.166666666667
0.125
-0.05
0.25
-0.392857142857
0.375
0.319444444444
-0.125
0.375
-0.125
0.125
0.03125
-0.5
-0.160714285714
-0.375
0.4375
-0.625
0.25
0.0892857142857
0.25
0.0833333333333
-0.375
-0.5
-0.125
-0.25
0.1875
-0.25
-0.046875
-0.125
0.125
-0.125
0.375
-0.125
-0.5
-0.25
-0.5
-0.0833333333333
-0.125
0.0833333333333
-0.125
0.125
0.25
0.25
0.25
0.375
-0.5
0.125
0.375
0.138888888889
-0.125
0.025
-0.375
-0.229166666667
-0.625
-0.5
0.375
0.15625
-0.25
0.25
-0.75
0.25
0.125
-0.229166666667
0.375
0.125
0.125
0.125
0.25
0.375
-0.5
0.21875
0.125
0.375
0.375
-0.125
0.3125
-0.375
0.270833333333
0.5
0.0625
0.25
0.125
0.25
0.5
0.025
0.25
-0.125
0.319444444444
-0.0833333333333
0.025
-0.325666666667
0.375
0.625
-0.125
-0.0441176470588
0.25
0.25
0.104166666667
0.375
0.125
-0.125
0.0714285714286
0.125
0.375
-0.25
0.25
0.291666666667
0.125
-0.0833333333333
0.625
0.25
0.0625
0.0625
0.25
0.125
-0.625
0.15625
0.15625
-0.125
0.25
-0.0625
0.28125
-0.125
-0.125
-0.09375
-0.1875
0.25
0.625
-0.21875
-0.25
0.25
-0.0625
-0.0833333333333
-0.1875
0.166666666667
0.34375
-0.0833333333333
0.625
0.25
-0.0416666666667
-0.125
0.145833333333
-0.40625
-0.475
-0.291666666667
0.25
-0.75
0.125
0.0625
-0.1875
-0.03125
0.663043478261
-0.125
0.663043478261
0.15
0.875
-0.03125
0.5625
0.125
-0.0416666666667
0.0892857142857
-0.397058823529
0.25
-0.522727272727
-0.125
0.125
0.5
0.5
0.3
0.142857142857
0.25
-0.03125
0.125
0.663043478261
0.075
-0.0833333333333
0.2
0.575
0.104166666667
0.166666666667
-0.144230769231
-0.5
-0.0625
0.347222222222
-0.125
-0.0416666666667
-0.3125
0.25
0.663043478261
0.25
-0.125
-0.125
0.125
0.125
0.145833333333
0.125
0.265625
0.125
-0.125
0.625
0.25
-0.125
0.125
-0.125
-0.5
-0.5
-0.375
-0.125
0.28125
-0.3545
-0.130434782609
0.125
-0.5
-0.125
0.25
0.25
0.25
-0.375
-0.25
-0.5
0.104166666667
0.25
0.333333333333
0.1875
-0.125
0.0625
-0.125
0.046875
0.025
0.125
0.5
-0.25
0.104166666667
-0.125
-0.375
0.0714285714286
0.25
0.625
0.270833333333
-0.375
0.375
0.601340909091
0.625
0.1
-0.0625
-0.25
0.125
0.166666666667
0.25
-0.144230769231
0.03125
0.375
-0.25
-0.145833333333
0.125
-0.416666666667
0.28125
0.25
0.239583333333
0.0416666666667
-0.75
0.1875
-0.375
0.5
0.453125
0.125
0.1875
-0.0416666666667
-0.09375
-0.6875
0.416666666667
0.125
0.75
0.0416666666667
0.125
-0.75
0.375
-0.5
0.0625
0.21875
0.375
-0.25
-0.333333333333
0.125
0.225
-0.4375
0.25
0.375
0.347222222222
-0.375
-0.03125
0.125
0.5625
0.125
0.625
-0.25
0.25
0.3
-0.25
0.25
0.21875
-0.333333333333
-0.03125
0.25
-0.625
0.25
0.125
0.1875
-0.208333333333
-0.125
0.125
0.15
-0.375
0.151785714286
-0.125
-0.166666666667
0.375
0.125
-0.25
0.125
0.347222222222
0.375
0.125
0.151785714286
0.125
-0.25
0.15
-0.125
0.232142857143
0.375
-0.0625
0.625
0.125
0.0625
0.601340909091
-0.125
-0.166666666667
0.375
0.125
-0.125
0.0833333333333
-0.125
0.0833333333333
-0.075
-0.34375
-0.4375
-0.125
0.125
0.265625
-0.130434782609
0.03125
-0.6875
0.15625
0.0833333333333
-0.03125
0.34375
0.25
-0.375
0.25
0.25
0.375
0.25
0.15625
-0.475
-0.375
0.25
0.078125
0.125
0.104166666667
-0.125
-0.475
0.075
-0.0833333333333
-0.375
0.1875
-0.125
-0.1875
-0.265625
0.125
-0.25
0.0833333333333
0.203125
0.25
0.163043478261
-0.125
-0.333333333333
0.09375
0.125
0.125
-0.03125
-0.25
0.125
0.291666666667
0.125
0.25
0.0625
-0.125
0.25
0.5
0.208333333333
-0.15
0.25
0.0416666666667
0.166666666667
0.125
0.25
-0.125
0.1875
0.25
0.333333333333
-0.4375
-0.25
0.5
0.125
0.25
0.25
-0.0625
0.15
0.25
-0.75
0.25
0.09375
-0.125
-0.125
0.3125
0.0625
0.125
0.09375
0.03125
0.1875
-0.5625
-0.75
0.375
0.25
0.25
-0.125
0.125
0.25
-0.125
-0.375
0.0625
0.15
0.166666666667
-0.125
0.208333333333
0.291666666667
0.057
0.145833333333
-0.0795454545455
-0.375
-0.125
-0.125
-0.125
-0.25
0.0714285714286
-0.34375
0.125
-0.0833333333333
0.25
0.0625
-0.625
-0.375
-0.0833333333333
-0.375
0.3125
-0.25
0.25
0.15625
0.125
-0.125
0.375
-0.232142857143
0.125
-0.125
-0.125
0.357142857143
0.1875
0.15625
0.375
-0.25
-0.25
0.125
0.2875
-0.134615384615
0.40625
-0.0833333333333
0.057
0.291666666667
0.25
0.390625
0.208333333333
0.2
0.5
0.178571428571
0.375
0.057
0.390625
-0.375
0.663043478261
0.15625
0.2875
-0.125
0.25
0.4375
0.25
0.375
0.4375
0.125
0.125
0.563081081081
0.166666666667
0.25
0.0892857142857
0.390625
0.0833333333333
0.21875
0.2875
0.5
0.2
0.2875
-0.3125
-0.375
0.375
0.125
0.15625
0.46875
-0.625
0.25
0.375
-0.225
-0.595588235294
-0.125
-0.375
0.2875
0.44275
-0.28125
0.09375
0.2875
-0.166666666667
-0.25
0.152777777778
-0.2125
-0.392857142857
0.2
0.25
0.0625
-0.125
0.0714285714286
-0.0714285714286
0.291666666667
-0.125
0.2
0.21875
0.347222222222
0.15
0.601340909091
0.390625
0.375
-0.4375
-0.0833333333333
0.046875
0.390625
0.125
0.663043478261
-0.0714285714286
0.325
0.178571428571
-0.541666666667
-0.375
0.333333333333
0.1
-0.375
-0.5625
0.125
0.21875
0.3125
0.125
0.125
-0.291666666667
0.0625
0.3125
-0.166666666667
-0.25
-0.125
0.5
0.25
-0.375
0.125
-0.125
-0.125
-0.125
0.104166666667
0.125
-0.318181818182
-0.1875
-0.125
-0.25
-0.25
0.125
-0.125
0.625
0.125
-0.0833333333333
0.3125
0.125
0.125
-0.25
-0.375
0.125
0.25
0.375
0.3125
0.125
-0.125
0.291666666667
0.0833333333333
0.375
-0.125
-0.4375
0.0576923076923
0.25
0.125
0.1875
-0.125
-0.15625
0.5
0.125
0.125
-0.125
-0.5
-0.0833333333333
0.5
0.5
0.333333333333
-0.0625
0.25
0.15625
0.375
-0.5625
-0.125
-0.625
0.208333333333
-0.25
-0.208333333333
0.09375
-0.125
-0.25
-0.1875
0.575
0.166666666667
0.125
-0.614583333333
0.0416666666667
0.25
-0.125
-0.142857142857
0.125
-0.125
-0.28125
0.125
-0.208333333333
0.15625
-0.5
-0.03125
-0.375
0.1875
0.34375
0.1875
0.375
0.1875
0.0625
0.125
0.5625
0.375
0.125
-0.25
0.5
0.25
0.1875
0.125
-0.25
0.0416666666667
-0.0833333333333
-0.4375
0.25
0.0416666666667
-0.1875
-0.5
0.2
0.1875
0.3125
-0.0416666666667
-0.125
0.416666666667
0.125
0.25
0.5
-0.125
0.25
0.333333333333
0.375
-0.125
0.125
-0.25
0.25
-0.125
0.075
0.104166666667
0.40625
-0.375
-0.25
0.25
-0.0178571428571
0.25
-0.0416666666667
0.075
0.34375
0.105769230769
0.239583333333
0.113636363636
0.625
0.0833333333333
-0.25
-0.0625
0.1875
0.4375
-0.28125
0.0625
0.0625
0.125
-0.0416666666667
0.0714285714286
-0.333333333333
-0.125
0.625
0.1
0.25
0.104166666667
-0.0833333333333
0.375
0.1875
0.125
-0.125
0.125
0.25
1.0
0.104166666667
0.625
0.663043478261
-0.125
0.25
0.25
0.375
0.025
0.1875
-0.25
0.175
0.0625
-0.0833333333333
-0.125
0.0625
-0.0416666666667
0.125
0.125
-0.25
0.583333333333
0.4
0.375
0.125
0.44275
0.625
0.25
-0.1875
-0.0416666666667
-0.375
-0.0833333333333
-0.125
0.0416666666667
0.5
-0.125
-0.375
0.25
-0.125
0.2
-0.625
-0.125
-0.625
-0.0833333333333
0.25
0.125
0.25
0.125
-0.25
0.4375
0.236111111111
0.125
-0.125
0.1875
0.25
-0.375
0.347222222222
0.375
-0.125
0.125
0.25
0.125
-0.6875
-0.125
-0.125
0.104166666667
0.25
-0.375
-0.208333333333
-0.3125
0.0833333333333
0.125
-0.3125
-0.25
0.375
-0.125
0.15
0.175
0.0892857142857
0.390625
0.15625
0.1875
-0.625
0.057
-0.0625
0.375
0.125
0.125
0.2
0.125
0.075
0.375
0.3
0.025
0.375
0.0714285714286
0.25
0.2875
-0.0625
-0.625
0.2875
0.601340909091
0.25
-0.25
0.25
-0.375
0.125
0.125
0.125
-0.125
-0.125
-0.25
-0.375
-0.333333333333
0.5
0.25
0.319444444444
0.125
0.357142857143
0.109375
0.453125
0.375
0.125
-0.0833333333333
-0.125
0.25
0.125
0.057
-0.125
-0.1875
0.0625
0.125
0.25
0.125
-0.475
-0.375
0.1
0.15
0.125
0.25
-0.0714285714286
0.125
-0.25
0.375
0.589285714286
0.125
0.583333333333
-0.3125
0.3
0.15625
-0.0416666666667
0.125
-0.25
0.25
-0.125
0.125
-0.0416666666667
-0.125
-0.1875
0.0625
-0.375
0.25
0.15
-0.125
-0.125
0.589285714286
-0.291666666667
0.09375
0.15
0.125
-0.145833333333
0.416666666667
-0.125
0.1875
0.125
0.5
-0.5
0.3125
-0.075
0.333333333333
-0.1875
0.125
-0.25
-0.125
0.5
0.178571428571
0.125
0.214285714286
0.078125
0.25
-0.614583333333
0.25
0.125
0.28125
-0.5
0.357142857143
-0.0416666666667
0.357142857143
-0.0416666666667
0.663043478261
-0.5
-0.5
-0.5
0.125
-0.25
-0.275
0.416666666667
0.1875
0.125
0.25
0.5625
0.0416666666667
0.25
0.0833333333333
-0.075
0.125
0.25
-0.125
-0.625
0.28125
-0.375
0.416666666667
0.625
0.15625
-0.125
-0.375
-0.34375
0.125
-0.25
0.0833333333333
0.325
0.375
-0.15625
0.21875
-0.0833333333333
0.3125
0.25
0.0416666666667
0.375
0.4375
0.333333333333
-0.291666666667
0.28125
-0.3125
0.125
0.375
0.25
0.375
-0.25
-0.25
0.25
0.15
-0.09375
-0.625
0.075
0.194444444444
0.166666666667
-0.3
-0.25
0.25
0.15
-0.09375
-0.625
0.075
0.194444444444
0.166666666667
-0.3
-0.125
0.25
0.0892857142857
-0.0833333333333
0.4375
0.625
0.375
0.046875
0.1
0.125
0.125
0.5
0.25
0.5625
0.125
-0.25
0.625
0.541666666667
-0.125
0.125
0.125
0.375
0.125
0.5
0.125
0.3125
0.03125
0.319444444444
0.125
-0.125
0.25
0.25
-0.5
-0.05
0.125
-0.25
-0.03125
-0.25
-0.125
-0.145833333333
0.5
0.21875
-0.4375
-0.125
0.25
0.291666666667
0.0625
0.21875
-0.4375
0.354166666667
-0.125
0.375
0.125
-0.0625
0.125
-0.0625
-0.0833333333333
0.1875
-0.229166666667
0.125
0.125
-0.625
-0.3125
-0.0625
0.0625
0.125
-0.477272727273
0.3
0.375
-0.125
0.25
-0.125
0.25
-0.4375
-0.0416666666667
0.0681818181818
-0.625
-0.375
0.25
-0.375
-0.25
-0.0416666666667
-0.3125
0.275
0.125
0.09375
0.25
-0.0441176470588
-0.0416666666667
0.375
0.5
-0.125
0.125
0.375
0.1875
0.104166666667
0.291666666667
0.875
0.125
-0.625
0.25
0.1875
0.5
0.175
0.5
0.25
-0.125
-0.1875
0.09375
-0.625
0.1875
0.125
-0.25
0.125
0.25
0.0625
0.28125
0.225
0.25
0.3125
-0.125
-0.125
-0.0833333333333
-0.0833333333333
0.4375
0.125
0.125
-0.25
0.125
-0.325666666667
0.125
-0.375
0.125
-0.0833333333333
0.375
-0.25
-0.475
-0.25
-0.375
0.21875
0.0833333333333
-0.125
-0.125
-0.375
-0.5625
-0.59375
0.125
-0.28125
0.3125
0.166666666667
-0.375
-0.25
0.125
-0.125
0.25
0.625
-0.25
-0.375
-0.375
0.125
0.625
-0.25
-0.0625
0.25
0.291666666667
-0.125
0.6875
0.125
-0.166666666667
0.125
0.125
0.0625
0.25
0.125
-0.321428571429
0.151785714286
0.375
-0.125
0.25
-0.1875
0.125
-0.5
0.0178571428571
-0.125
-0.229166666667
-0.375
-0.0833333333333
-0.1875
-0.5
0.0833333333333
0.125
-0.125
0.375
-0.144230769231
-0.25
0.0416666666667
0.25
-0.125
0.3
-0.25
-0.229166666667
0.125
-0.125
0.35
-0.125
0.25
0.25
-0.1875
0.1875
0.25
-0.375
0.5
-0.03125
0.375
0.125
0.375
0.1875
0.125
0.25
0.375
0.0625
0.15625
0.15625
0.03125
0.1875
0.6875
-0.125
-0.625
0.1875
0.375
0.025
0.208333333333
-0.125
-0.125
0.15
-0.0416666666667
0.15
0.3125
0.40625
-0.125
0.375
0.151785714286
0.125
-0.354166666667
-0.6875
0.125
0.125
0.0625
-0.25
-0.375
0.25
-0.375
0.0625
0.25
0.25
-0.125
-0.1875
0.375
-0.125
0.125
0.125
-0.03125
-0.25
-0.1875
0.125
0.125
0.4375
0.583333333333
0.0625
0.25
0.125
0.375
-0.125
0.25
0.267857142857
-0.25
0.125
-0.075
-0.25
-0.25
-0.25
0.416666666667
0.125
0.125
0.125
-0.25
-0.25
-0.125
-0.333333333333
0.15
-0.125
-0.125
-0.111111111111
-0.291666666667
0.425
-0.291666666667
0.03125
-0.125
-0.625
-0.541666666667
-0.25
0.0625
-0.25
0.046875
0.625
0.125
0.416666666667
0.125
0.125
0.125
0.025
0.25
0.416666666667
-0.375
-0.25
0.1
0.125
0.0625
0.125
0.1875
0.21875
0.125
0.025
-0.333333333333
0.104166666667
-0.125
0.291666666667
0.5
0.125
0.0416666666667
0.166666666667
0.375
0.25
0.03125
-0.291666666667
-0.25
0.0833333333333
0.25
0.25
0.125
0.125
0.375
-0.25
-0.395833333333
0.375
-0.125
0.375
-0.416666666667
0.125
-0.375
-0.333333333333
0.075
0.25
-0.5
0.375
-0.25
0.075
-0.375
0.375
0.625
0.375
-0.625
0.125
-0.0416666666667
0.53125
-0.321428571429
0.3125
-0.1875
0.5
0.125
0.125
-0.125
0.25
0.375
0.5
0.125
-0.125
-0.05
-0.5
0.25
0.125
0.375
0.125
0.125
0.125
0.333333333333
0.166666666667
-0.075
0.375
0.663043478261
-0.291666666667
0.0625
0.0625
0.25
0.208333333333
0.0416666666667
-0.5
0.109375
0.333333333333
0.25
0.1
0.1875
0.375
0.075
0.25
-0.1875
0.104166666667
0.166666666667
0.1875
-0.03125
0.375
-0.0625
-0.0961538461538
-0.125
0.44275
0.125
-0.333333333333
0.625
0.625
0.125
-0.375
0.34375
0.0625
-0.125
0.0192307692308
-0.477272727273
0.583333333333
0.25
0.104166666667
-0.203125
-0.0833333333333
0.375
0.375
-0.125
-0.125
-0.125
0.5625
0.104166666667
0.1
-0.25
-0.0972222222222
0.0892857142857
0.575
-0.416666666667
0.15
-0.1875
-0.458333333333
0.375
0.125
0.0416666666667
0.125
0.21875
-0.125
0.25
-0.303571428571
0.1875
0.375
0.25
0.25
0.1875
0.625
-0.3
0.375
0.25
0.25
-0.0625
0.625
0.0576923076923
0.25
0.125
0.046875
-0.2875
-0.25
0.1875
0.375
-0.25
0.375
0.125
0.125
-0.25
-0.5
0.2875
0.1875
0.25
0.40625
0.0625
-0.125
-0.1875
-0.0803571428571
-0.3125
-0.25
-0.125
-0.125
0.208333333333
0.166666666667
-0.0416666666667
-0.125
0.5
0.0625
-0.357142857143
0.1875
-0.25
0.1
-0.125
-0.125
-0.145833333333
0.0416666666667
-0.125
0.21875
-0.09375
0.347222222222
0.375
-0.1875
-0.5
0.229166666667
-0.25
-0.1875
0.25
0.21875
-0.291666666667
0.5
0.3125
0.0625
0.125
0.2875
-0.125
-0.0972222222222
0.1875
0.375
0.125
-0.125
-0.125
0.3125
0.125
-0.5
0.75
0.125
-0.125
0.3125
-0.34375
0.125
0.166666666667
-0.05
0.5
-0.09375
0.25
0.5
0.125
0.5
-0.125
-0.5
-0.0833333333333
0.5625
0.25
0.25
-0.0625
0.25
0.375
-0.125
-0.03125
0.25
0.5
0.25
0.3125
0.166666666667
-0.229166666667
0.28125
0.375
0.125
0.5
0.125
0.0833333333333
0.1875
-0.4375
-0.125
0.111111111111
-0.5
-0.125
-0.09375
0.03125
0.125
0.025
-0.125
0.125
0.0892857142857
0.0625
-0.59375
-0.125
0.25
0.175
-0.125
-0.0625
-0.125
-0.28125
0.25
0.125
0.375
0.333333333333
0.175
-0.375
-0.0625
-0.458333333333
-0.125
0.125
0.0625
0.875
0.333333333333
0.333333333333
0.25
-0.229166666667
-0.1875
-0.5625
0.5
-0.125
0.151785714286
0.104166666667
0.0625
0.375
0.4375
0.125
0.0625
-0.208333333333
0.15
-0.0833333333333
0.125
0.125
0.25
0.1875
-0.625
-0.0416666666667
0.5
-0.125
-0.075
0.0681818181818
0.375
0.416666666667
0.125
-0.392857142857
0.21875
0.0625
0.229166666667
-0.0833333333333
0.5
0.125
0.125
-0.0625
0.104166666667
0.104166666667
-0.1875
0.125
0.125
-0.25
0.0625
0.1875
-0.5
0.125
0.125
-0.125
0.1875
0.125
-0.225
-0.125
0.0833333333333
-0.125
0.125
-0.375
0.25
0.0625
0.21875
0.125
-0.0416666666667
0.125
0.1
0.25
-0.0625
0.3125
0.214285714286
0.3125
0.34375
0.0833333333333
-0.0625
-0.0625
-0.025
0.03125
0.21875
-0.125
-0.333333333333
0.291666666667
0.375
-0.0625
0.333333333333
0.104166666667
-0.125
0.3125
-0.325666666667
0.125
0.0625
-0.275
0.25
0.25
-0.375
0.125
0.15
0.09375
0.5625
0.25
-0.145833333333
-0.125
-0.357142857143
-0.275
0.125
0.601340909091
0.3125
-0.4375
0.25
-0.1875
0.5625
0.075
0.1
0.125
0.25
0.3125
-0.0625
-0.125
0.291666666667
0.25
-0.5
0.1875
0.375
-0.0625
0.375
0.104166666667
-0.0625
0.270833333333
-0.208333333333
0.15625
-0.125
-0.125
0.125
-0.125
-0.075
0.125
0.104166666667
0.1875
-0.321428571429
-0.0555555555556
0.40625
0.25
-0.5625
-0.0625
0.125
-0.1875
-0.125
-0.125
-0.59375
0.25
-0.125
0.078125
0.25
0.25
0.3125
0.0416666666667
0.5
0.375
0.625
0.0625
-0.1875
-0.125
0.25
-0.375
0.25
-0.1
0.5625
-0.05
-0.229166666667
0.166666666667
0.166666666667
0.46875
0.125
-0.5
0.125
0.125
0.625
0.5
0.025
0.125
-0.125
0.375
0.03125
-0.1875
-0.25
0.2
-0.5
-0.275
0.347222222222
0.025
0.125
0.1875
-0.125
-0.0833333333333
0.125
-0.125
0.208333333333
0.125
0.125
0.25
0.125
-0.125
-0.3125
0.375
-0.0416666666667
0.5
-0.208333333333
0.104166666667
0.104166666667
0.375
0.40625
0.0833333333333
0.25
-0.275
0.125
0.125
-0.125
-0.3125
0.5
0.6875
0.291666666667
0.375
0.5
-0.125
0.3
0.15
0.151785714286
0.28125
-0.0833333333333
0.125
0.125
0.2
0.2875
-0.0625
0.0416666666667
0.125
0.09375
-0.125
0.375
0.25
0.03125
-0.125
-0.0625
0.236111111111
0.25
-0.125
0.15625
-0.25
0.25
0.5
0.1875
0.145833333333
0.625
0.1875
-0.125
-0.21875
0.321428571429
0.057
0.5625
-0.25
0.166666666667
-0.475
0.125
0.2
0.347222222222
-0.0625
-0.125
0.125
-0.125
-0.125
-0.0625
-0.125
0.25
0.25
0.375
0.625
-0.321428571429
-0.375
-0.125
0.25
0.25
-0.125
0.25
0.0833333333333
0.104166666667
0.09375
0.375
-0.34375
-0.375
-0.125
0.5
0.125
0.125
-0.5
-0.125
0.5
-0.0416666666667
-0.125
-0.0625
-0.125
-0.25
-0.0714285714286
0.0833333333333
-0.142857142857
0.1875
-0.25
0.25
0.208333333333
0.145833333333
0.113636363636
0.1875
0.125
0.3
0.3125
0.1875
0.291666666667
0.125
0.15625
-0.0625
0.25
-0.375
0.208333333333
-0.125
0.0625
0.15
-0.25
-0.15625
0.625
0.375
-0.25
-0.125
-0.0416666666667
0.375
-0.15625
0.166666666667
-0.03125
0.291666666667
0.625
0.125
0.25
0.5
0.15625
0.25
-0.25
0.25
0.375
0.25
0.25
0.28125
0.663043478261
0.057
0.3125
0.166666666667
0.125
0.125
-0.416666666667
0.125
0.125
0.046875
-0.5
0.625
0.0833333333333
-0.125
0.25
0.2875
0.0833333333333
0.25
0.21875
0.625
0.046875
-0.392857142857
-0.357142857143
0.104166666667
-0.5
-0.4375
-0.0833333333333
-0.125
0.1
0.104166666667
0.375
0.625
-0.125
-0.125
-0.125
0.291666666667
-0.25
0.125
0.2
0.0416666666667
-0.0625
0.5625
0.0833333333333
0.0625
0.125
0.09375
0.046875
0.601340909091
0.25
0.125
-0.125
-0.475
-0.5
0.34375
0.125
0.0833333333333
0.3125
0.375
0.125
0.15
0.025
0.166666666667
0.125
0.333333333333
-0.125
-0.0833333333333
-0.5
0.125
0.166666666667
-0.0833333333333
-0.0416666666667
-0.625
-0.375
0.125
-0.6875
-0.0416666666667
0.375
-0.625
0.2875
0.291666666667
0.46875
-0.25
0.3
0.375
0.5
0.25
0.166666666667
0.09375
-0.125
-0.21875
-0.125
0.25
-0.375
-0.25
0.1875
-0.5625
-0.1875
0.2875
0.375
-0.0714285714286
0.125
0.1875
-0.0416666666667
0.0625
0.125
-0.125
0.125
0.21875
0.5
-0.25
0.125
-0.625
0.046875
0.125
0.1875
0.09375
0.125
0.1875
0.0625
0.166666666667
-0.0625
-0.0833333333333
0.113636363636
-0.475
-0.125
0.03125
-0.1875
-0.075
-0.625
0.078125
0.125
0.125
0.625
0.291666666667
0.0833333333333
0.125
0.208333333333
0.0625
-0.5
0.375
0.075
0.3125
0.125
0.145833333333
0.152777777778
0.25
0.125
0.125
0.125
-0.375
0.2875
-0.145833333333
0.015625
0.166666666667
0.375
0.1875
0.125
0.0625
0.125
-0.5
0.375
0.125
0.25
-0.5
0.104166666667
-0.125
-0.5
0.0833333333333
0.375
-0.125
0.125
0.239583333333
0.625
-0.375
0.428571428571
-0.125
0.229166666667
0.2
0.0625
0.125
0.0625
0.45
-0.375
0.25
-0.05
0.625
0.25
0.75
0.104166666667
-0.45
-0.125
-0.321428571429
0.375
0.5
0.25
0.229166666667
0.25
0.125
0.104166666667
0.1875
0.25
-0.125
0.375
0.1875
-0.104166666667
0.5
0.25
0.375
-0.125
-0.0416666666667
0.1875
-0.125
-0.0625
-0.15625
0.15
0.15
0.2
0.125
0.25
0.166666666667
-0.144230769231
0.357142857143
-0.1875
0.104166666667
0.291666666667
-0.125
0.291666666667
-0.25
-0.125
0.125
-0.125
0.416666666667
-0.0625
0.601340909091
-0.125
0.15
0.5
-0.0625
0.125
0.057
0.125
-0.125
0.208333333333
0.25
-0.0178571428571
-0.0833333333333
0.208333333333
0.104166666667
0.25
0.875
0.375
-0.25
-0.125
0.625
0.5
0.175
-0.25
0.03125
0.125
0.125
-0.125
-0.25
0.4375
0.125
0.25
0.0833333333333
0.5
-0.3375
0.125
-0.125
0.25
-0.25
-0.25
-0.34375
0.125
-0.375
0.0625
0.152777777778
0.275
-0.5625
-0.1875
0.375
0.125
0.0833333333333
0.6875
-0.325
0.125
-0.5
0.25
-0.75
-0.225
-0.25
0.125
-0.208333333333
0.25
-0.125
-0.4375
-0.375
-0.125
0.125
0.1875
-0.34375
-0.056
0.025
-0.4375
-0.3375
0.125
-0.0416666666667
-0.125
0.75
0.125
0.125
-0.0416666666667
0.25
0.125
-0.625
0.583333333333
-0.125
-0.375
-0.25
-0.208333333333
-0.3125
-0.5
0.25
0.270833333333
0.0416666666667
0.125
0.333333333333
-0.225
-0.229166666667
0.375
-0.225
-0.5
0.2875
0.458333333333
-0.0972222222222
0.625
0.25
0.175
0.125
0.125
-0.1875
-0.125
-0.125
-0.0178571428571
-0.0833333333333
0.0833333333333
-0.5625
-0.4375
0.25
0.125
0.1875
0.0833333333333
0.375
0.25
-0.125
0.375
-0.125
-0.125
0.1875
-0.125
-0.375
0.125
-0.416666666667
-0.125
-0.333333333333
-0.0416666666667
-0.0416666666667
0.333333333333
-0.1875
-0.125
0.125
-0.575
-0.125
0.125
-0.375
-0.125
-0.125
-0.125
-0.25
0.0625
0.1875
-0.125
-0.375
0.208333333333
0.375
0.0833333333333
-0.375
-0.125
0.0625
-0.4375
-0.21875
0.194444444444
-0.375
0.25
-0.5
-0.145833333333
-0.375
0.25
0.329545454545
-0.25
-0.5
0.125
-0.270833333333
-0.59375
0.3
-0.625
-0.4375
0.25
-0.5
-0.125
0.25
0.375
0.104166666667
0.75
-0.0625
-0.166666666667
-0.125
0.25
0.1875
0.125
0.125
-0.75
-0.0833333333333
-0.625
-0.0625
0.333333333333
0.125
0.75
0.1875
0.28125
-0.125
0.275
0.166666666667
0.225
0.5625
0.5
0.3125
0.225
-0.0795454545455
-0.0625
-0.0416666666667
0.375
-0.229166666667
-0.125
-0.125
-0.5
-0.125
0.125
-0.25
-0.125
-0.125
0.125
-0.25
-0.125
0.125
0.125
-0.025
-0.625
-0.5
0.109375
-0.125
-0.3125
0.09375
-0.5625
-0.5
0.21875
0.75
-0.375
0.166666666667
-0.125
-0.5
-0.63125
-0.125
0.25
-0.4375
0.25
0.3
0.125
-0.125
0.125
0.625
-0.542388888889
0.125
-0.375
0.75
0.0833333333333
0.357142857143
0.1
0.28125
-0.0625
0.1
-0.375
-0.4375
-0.125
0.5
0.125
-0.125
0.125
-0.125
0.125
0.1875
-0.4375
0.125
-0.125
0.25
0.125
-0.375
-0.125
-0.25
0.1875
-0.75
-0.125
-0.75
-0.75
-0.125
-0.75
-0.3125
0.125
-0.25
0.125
-0.875
-0.125
0.1875
-0.270833333333
-0.75
-0.125
-0.15625
0.25
-0.125
0.125
-0.15625
-0.125
0.152777777778
-0.0972222222222
0.125
0.21875
0.347222222222
-0.375
-0.1875
0.25
0.1875
0.125
0.34375
0.625
-0.395833333333
0.15625
-0.25
0.625
0.25
0.25
-0.1
0.25
-0.375
-0.354166666667
0.125
-0.354166666667
-0.25
0.25
0.125
0.375
0.0625
-0.25
-0.225
0.125
0.0416666666667
0.25
-0.125
0.125
-0.375
-0.0833333333333
0.333333333333
0.375
0.15625
0.275
0.4375
0.125
-0.125
0.125
0.25
0.25
0.1
0.125
-0.09375
-0.125
0.375
0.3125
0.375
-0.0416666666667
0.25
-0.25
0.25
0.0416666666667
-0.375
0.125
0.0625
-0.225
0.125
0.5
0.3
0.125
-0.375
0.25
0.125
0.125
0.375
-0.354166666667
0.25
0.375
0.1875
-0.125
0.1875
0.0625
0.125
0.125
0.375
-0.25
-0.125
0.25
-0.125
0.265625
-0.375
-0.125
0.3125
0.0875
-0.875
0.25
-0.229166666667
0.125
0.375
0.125
0.25
0.3125
0.229166666667
0.1875
-0.125
0.333333333333
0.25
0.125
0.321428571429
0.333333333333
0.125
0.4375
-0.232142857143
0.0833333333333
0.25
0.875
0.15625
0.208333333333
-0.125
-0.0625
-0.125
0.0625
0.575
-0.125
0.125
0.375
0.347222222222
0.25
0.125
-0.375
0.125
0.125
-0.125
0.229166666667
0.3
0.0625
-0.25
0.3125
0.125
0.3125
-0.375
0.663043478261
0.625
0.25
-0.125
0.25
-0.0961538461538
